998917530
997867112
995034823
994607265
991515865
989560909
982588078
978043537
973194729
972074013
970306448
965540001
963627303
963128396
951577340
949668250
946183648
942937676
942241753
939800698
939016126
938433941
936275505
935240511
928943379
927095164
925472425
922253271
920301389
917795242
916560141
915913333
910023684
907985860
906406585
897204767
897149840
896143893
894893004
893372978
893360980
890588161
887016828
886465732
885916391
882311625
879769744
877238365
876536224
874015452
873973699
873704648
871283450
870802632
869062707
868662551
867937450
867465959
862779790
860055684
858774266
855116845
853862363
851445601
850155555
849525543
849106979
844861684
841504945
840352046
839762647
838152238
833830568
829164047
828978444
828661289
824629783
822157230
820725116
819596545
818669570
814882612
810963703
808510854
807717406
804874177
801693864
801438404
797327793
796737562
795965529
791719054
787711132
787546171
785649040
779055974
775407922
774272680
771171085
769937376
765537929
758235296
754896730
753784594
753435522
747891150
747803090
747177849
742917783
742346384
742342957
739186309
738130260
737514781
735773969
731288204
730620951
729251174
723415267
722895998
719995175
719060850
717761685
717551177
717137902
716755489
716245423
714650581
714622838
713631473
712203789
710052447
709586522
709502401
708290647
704075795
700735142
696403015
687838495
683350004
676090109
675110899
673581322
671486828
671089989
666498438
663429118
660452823
658977407
658862281
654757945
651225423
650593739
648083218
647704434
647144312
646830301
646168751
645693343
643584049
640327300
640005969
638274595
636805029
635992429
634290086
633942240
633927575
633049235
628547875
627551821
626208774
622023483
621928373
621527130
615804815
615132292
613388672
611584986
609840565
609601248
608587447
600701139
600534892
592366525
590046903
586637768
584305860
583742346
583700567
582777296
580832274
578213475
577449694
577322503
576945096
576478565
575355865
574899647
574287140
574115293
573430026
572848153
566997161
564962394
561598148
561023654
560517993
559556899
558369072
555384284
552416095
551002717
548647563
545498876
545367108
539990865
535657628
534808934
534418712
534118386
532732470
528233848
528132432
526845328
524902194
524357255
523276593
520184260
518193176
518120392
517404014
515878958
515675896
514849031
513555922
511989470
507833045
507779975
506986560
506106080
506098672
505524158
504471662
503147697
502543232
500488986
500052941
499676819
491671904
491170577
488329987
488210107
487689909
487261156
484849656
483599113
482916632
482643097
482050577
481587558
481514750
477646926
476250218
475579770
468758720
468323412
461378196
457218243
454842994
454293225
452840605
451414841
450721284
450455295
450025596
443064033
440796750
440557145
439838918
439403427
437833697
435286192
434857984
434446707
433585915
433188814
432699925
426540757
425406179
424088570
421576209
421540167
417860725
416887578
416806127
416233040
412697740
410008289
406927054
406012000
404806346
403251680
403195744
401974046
401801333
396400445
394735475
394069702
393966159
391580803
389570731
388647317
387337499
386912355
385667657
384373244
382290743
378605418
377125035
375789027
375619108
374679224
373777503
371886545
371359808
368957820
367407642
366999116
365709385
362656669
362343461
358812011
358188470
355795263
353421953
351882031
351221511
347838844
344046653
343860387
343728503
340867475
338933787
337540152
337019741
336308615
332248571
330380746
330377114
327980731
327643868
325606656
325547985
324957152
323514073
322841233
321525465
319326578
318663945
312512955
311100306
307023936
306774409
305462279
304130687
303630599
302416601
301142487
299760802
298864524
297538522
296969582
296112768
293507478
291115052
290162390
290028671
288323903
287501356
286431670
285972981
285545588
280876052
279595051
275790810
272126492
270597186
270449331
269627421
265801412
265469344
264662647
260794313
257036401
254015442
253953935
250106163
246148109
244917412
242875254
241329857
241082950
240541628
238286633
238061866
236663563
234190657
231078171
229859346
222318488
219943580
212042016
207501829
205747973
200457149
200395090
196499261
195285151
195263580
194706238
194547106
191823077
188677040
184396604
183468837
181804984
181436979
177102222
176819943
172814405
170350597
168833524
166240644
161899227
161781850
160059149
154575616
153898056
149176219
143868452
143497964
137681198
133768907
131316305
129209777
126860307
123949860
122449459
122061904
120264386
118137628
115456540
111294533
110258438
104091752
102573963
100753489
99819520
94537581
91971302
91807085
85827406
83645371
78609736
77925379
73736718
72366296
68654751
67915068
66516235
63403329
59479810
59189342
53343406
51983063
51834684
49923502
48987513
48458858
48188938
46906242
43987098
43285117
42434027
41982875
41567996
39494878
38247540
37761717
35688776
35343222
34233148
33718471
32504005
31525588
31132872
31049418
30881627
25580416
23700650
20758657
19596425
19083565
18461633
16857789
14277780
10706917
9531377
6396120
5490524
1323283