194706238
322841233
855116845
801693864
37761717
675110899
257036401
559556899
450025596
671486828
797327793
561023654
388647317
626208774
729251174
506106080
122449459
451414841
709586522
709502401
867465959
351882031
600534892
840352046
131316305
468758720
555384284
34233148
102573963
808510854
191823077
19083565
583742346
31049418
382290743
828661289
545367108
306774409
43987098
286431670
477646926
365709385
564962394
942937676
972074013
176819943
437833697
850155555
779055974
46906242
484849656
343860387
242875254
487261156
170350597
622023483
454293225
394735475
576478565
906406585
421540167
922253271
671089989
43285117
717137902
416887578
873973699
42434027
936275505
482916632
85827406
915913333
73736718
49923502
195263580
385667657
78609736
51834684
30881627
700735142
577322503
928943379
123949860
168833524
59479810
925472425
560517993
166240644
978043537
327643868
994607265
10706917
452840605
358812011
592366525
991515865
234190657
717761685
298864524
885916391
997867112
528233848
963627303
814882612
269627421
200457149
161899227
970306448
104091752
5490524
250106163
573430026
410008289
110258438
548647563
403195744
195285151
362656669
858774266
722895998
241082950
609840565
461378196
893360980
454842994
951577340
660452823
710052447
374679224
566997161
332248571
236663563
737514781
406012000
302416601
337540152
769937376
272126492
32504005
532732470
488329987
355795263
319326578
351221511
111294533
841504945
853862363
391580803
253953935
877238365
440796750
897204767
434446707
584305860
687838495
338933787
935240511
717551177
280876052
621928373
330380746
775407922
774272680
323514073
939800698
491671904
482050577
917795242
518120392
876536224
457218243
714650581
807717406
534118386
39494878
738130260
264662647
633927575
296969582
551002717
205747973
574115293
172814405
68654751
425406179
973194729
443064033
83645371
633942240
586637768
143868452
19596425
712203789
600701139
810963703
634290086
503147697
59189342
523276593
389570731
647144312
894893004
714622838
742917783
325606656
41567996
450721284
640327300
558369072
311100306
270597186
609601248
375789027
412697740
552416095
48188938
742346384
296112768
916560141
435286192
488210107
638274595
416806127
406927054
730620951
828978444
511989470
514849031
293507478
77925379
833830568
851445601
635992429
791719054
650593739
100753489
575355865
366999116
946183648
340867475
982588078
51983063
254015442
939016126
291115052
434857984
886465732
628547875
6396120
796737562
910023684
318663945
663429118
94537581
475579770
231078171
795965529
583700567
615804815
393966159
327980731
513555922
483599113
608587447
849525543
844861684
440557145
378605418
23700650
747803090
524357255
181804984
719060850
868662551
305462279
576945096
643584049
611584986
122061904
33718471
747891150
336308615
25580416
645693343
72366296
219943580
673581322
265469344
578213475
48987513
401974046
20758657
487689909
67915068
126860307
897149840
53343406
963128396
31132872
426540757
920301389
627551821
713631473
491170577
526845328
35688776
640005969
818669570
439838918
432699925
504471662
535657628
520184260
869062707
118137628
183468837
194547106
433585915
577449694
613388672
287501356
149176219
288323903
38247540
91807085
1323283
723415267
879769744
129209777
633049235
907985860
417860725
241329857
927095164
229859346
651225423
753435522
658977407
299760802
120264386
368957820
742342957
386912355
716245423
507779975
646168751
285972981
290162390
545498876
580832274
887016828
16857789
754896730
648083218
785649040
404806346
989560909
615132292
517404014
515675896
708290647
343728503
539990865
518193176
270449331
965540001
196499261
212042016
882311625
500052941
719995175
787546171
658862281
450455295
207501829
375619108
666498438
246148109
285545588
482643097
499676819
347838844
367407642
433188814
506986560
337019741
481587558
184396604
324957152
177102222
290028671
63403329
747177849
91971302
870802632
696403015
307023936
995034823
528132432
590046903
758235296
403251680
481514750
161781850
301142487
890588161
820725116
265801412
838152238
362343461
787711132
822157230
325547985
704075795
582777296
48458858
735773969
654757945
275790810
154575616
621527130
312512955
507833045
9531377
137681198
524902194
31525588
41982875
683350004
942241753
829164047
304130687
330377114
153898056
371886545
143497964
468323412
18461633
871283450
893372978
424088570
238061866
572848153
401801333
384373244
371359808
860055684
801438404
874015452
534808934
181436979
505524158
244917412
839762647
636805029
753784594
676090109
377125035
949668250
133768907
731288204
160059149
260794313
279595051
396400445
502543232
574287140
353421953
739186309
867937450
222318488
421576209
416233040
115456540
515878958
938433941
804874177
14277780
358188470
646830301
500488986
824629783
387337499
35343222
534418712
561598148
873704648
200395090
765537929
99819520
394069702
716755489
373777503
819596545
344046653
240541628
66516235
998917530
297538522
476250218
896143893
771171085
862779790
647704434
321525465
238286633
188677040
574899647
506098672
439403427
849106979
303630599