1323283
5490524
6396120
9531377
10706917
14277780
16857789
18461633
19083565
19596425
20758657
23700650
25580416
30881627
31049418
31132872
31525588
32504005
33718471
34233148
35343222
35688776
37761717
38247540
39494878
41567996
41982875
42434027
43285117
43987098
46906242
48188938
48458858
48987513
49923502
51834684
51983063
53343406
59189342
59479810
63403329
66516235
67915068
68654751
72366296
73736718
77925379
78609736
83645371
85827406
91807085
91971302
94537581
99819520
100753489
102573963
104091752
110258438
111294533
115456540
118137628
120264386
122061904
122449459
123949860
126860307
129209777
131316305
133768907
137681198
143497964
143868452
149176219
153898056
154575616
160059149
161781850
161899227
166240644
168833524
170350597
172814405
176819943
177102222
181436979
181804984
183468837
184396604
188677040
191823077
194547106
194706238
195263580
195285151
196499261
200395090
200457149
205747973
207501829
212042016
219943580
222318488
229859346
231078171
234190657
236663563
238061866
238286633
240541628
241082950
241329857
242875254
244917412
246148109
250106163
253953935
254015442
257036401
260794313
264662647
265469344
265801412
269627421
270449331
270597186
272126492
275790810
279595051
280876052
285545588
285972981
286431670
287501356
288323903
290028671
290162390
291115052
293507478
296112768
296969582
297538522
298864524
299760802
301142487
302416601
303630599
304130687
305462279
306774409
307023936
311100306
312512955
318663945
319326578
321525465
322841233
323514073
324957152
325547985
325606656
327643868
327980731
330377114
330380746
332248571
336308615
337019741
337540152
338933787
340867475
343728503
343860387
344046653
347838844
351221511
351882031
353421953
355795263
358188470
358812011
362343461
362656669
365709385
366999116
367407642
368957820
371359808
371886545
373777503
374679224
375619108
375789027
377125035
378605418
382290743
384373244
385667657
386912355
387337499
388647317
389570731
391580803
393966159
394069702
394735475
396400445
401801333
401974046
403195744
403251680
404806346
406012000
406927054
410008289
412697740
416233040
416806127
416887578
417860725
421540167
421576209
424088570
425406179
426540757
432699925
433188814
433585915
434446707
434857984
435286192
437833697
439403427
439838918
440557145
440796750
443064033
450025596
450455295
450721284
451414841
452840605
454293225
454842994
457218243
461378196
468323412
468758720
475579770
476250218
477646926
481514750
481587558
482050577
482643097
482916632
483599113
484849656
487261156
487689909
488210107
488329987
491170577
491671904
499676819
500052941
500488986
502543232
503147697
504471662
505524158
506098672
506106080
506986560
507779975
507833045
511989470
513555922
514849031
515675896
515878958
517404014
518120392
518193176
520184260
523276593
524357255
524902194
526845328
528132432
528233848
532732470
534118386
534418712
534808934
535657628
539990865
545367108
545498876
548647563
551002717
552416095
555384284
558369072
559556899
560517993
561023654
561598148
564962394
566997161
572848153
573430026
574115293
574287140
574899647
575355865
576478565
576945096
577322503
577449694
578213475
580832274
582777296
583700567
583742346
584305860
586637768
590046903
592366525
600534892
600701139
608587447
609601248
609840565
611584986
613388672
615132292
615804815
621527130
621928373
622023483
626208774
627551821
628547875
633049235
633927575
633942240
634290086
635992429
636805029
638274595
640005969
640327300
643584049
645693343
646168751
646830301
647144312
647704434
648083218
650593739
651225423
654757945
658862281
658977407
660452823
663429118
666498438
671089989
671486828
673581322
675110899
676090109
683350004
687838495
696403015
700735142
704075795
708290647
709502401
709586522
710052447
712203789
713631473
714622838
714650581
716245423
716755489
717137902
717551177
717761685
719060850
719995175
722895998
723415267
729251174
730620951
731288204
735773969
737514781
738130260
739186309
742342957
742346384
742917783
747177849
747803090
747891150
753435522
753784594
754896730
758235296
765537929
769937376
771171085
774272680
775407922
779055974
785649040
787546171
787711132
791719054
795965529
796737562
797327793
801438404
801693864
804874177
807717406
808510854
810963703
814882612
818669570
819596545
820725116
822157230
824629783
828661289
828978444
829164047
833830568
838152238
839762647
840352046
841504945
844861684
849106979
849525543
850155555
851445601
853862363
855116845
858774266
860055684
862779790
867465959
867937450
868662551
869062707
870802632
871283450
873704648
873973699
874015452
876536224
877238365
879769744
882311625
885916391
886465732
887016828
890588161
893360980
893372978
894893004
896143893
897149840
897204767
906406585
907985860
910023684
915913333
916560141
917795242
920301389
922253271
925472425
927095164
928943379
935240511
936275505
938433941
939016126
939800698
942241753
942937676
946183648
949668250
951577340
963128396
963627303
965540001
970306448
972074013
973194729
978043537
982588078
989560909
991515865
994607265
995034823
997867112
998917530