999854014
999610748
999294358
999213121
999141944
999069178
998972137
998910499
998795809
998751483
998726309
998720060
998697771
998688354
998681016
998633211
998517192
998277413
998207151
998169964
998082579
997964109
997859971
997851993
997699271
997595203
997412561
997344134
997276461
996918563
996755595
996721560
996709471
996584643
996456531
996359297
996298226
996123280
995953197
995737711
995659820
994896309
994807340
994716724
994589111
994553900
994430031
994144578
994070526
993985544
993870344
993802748
993739700
993681392
993406946
993267234
992982093
992955450
992245228
992242195
992078585
992022833
991971785
991906971
991812328
991757385
991568043
991506705
991472063
991359761
991202081
991022005
990937397
990684596
990530471
990524379
990460923
990332135
990327656
989985406
989574522
989565576
989492396
989422654
989287882
989260110
988965304
988790553
988719230
988666733
988476765
988340890
988336075
988281148
988268138
988234491
988150162
988070866
988033370
987833134
987815342
987530807
987417342
987287178
987165666
987030092
986974638
986919557
986618748
986560489
986480110
986478372
986281732
986136066
986110836
985886015
985827608
985816795
985755928
985700573
985471007
985339386
985025712
984900591
984796972
984681766
984662776
984377016
984325250
984190052
984112673
984097052
983840398
983576105
983466140
983438353
983422902
983230246
982276970
982210031
982080415
982050662
981765679
981705681
981575881
981570055
981065548
980874822
980864168
980826916
980789273
980746624
980686223
980536690
980505073
980405819
980223275
979957300
979908677
979695698
979510428
979456072
979381800
979343471
979265803
979151336
978951535
978893795
978809357
978786531
978748238
978695887
978665280
978606297
978561331
978538948
978376505
977975734
977937438
977744610
977551908
977444065
977259936
977251474
977145056
977130030
976912966
976809939
976717094
976384468
976274579
976119356
976087235
976036328
975988036
975874868
975823419
975709159
975427207
975395676
975361254
975241606
974818872
974754915
974440827
974379586
974350346
974322678
974270211
974216052
974048768
973868344
973830503
973541298
973479833
973392902
973279354
973220419
973132273
972844856
972844206
972795986
972618660
972142252
972084801
972006887
971960325
971776094
971755175
971601031
971540002
971446086
971251383
971202932
971099397
970974232
970649393
970444726
970418014
970299767
970281382
970262194
970244350
970239898
970116483
970021440
969927598
969915680
969863813
969767371
969758652
969668058
969638114
969544839
969434551
969431018
969411044
969391556
969239588
969219908
969149678
969139594
968702272
968667616
968371882
968290507
968213268
968176915
968040213
967953950
967836389
967814105
967731289
967641348
967347810
967188093
967124111
966747478
966747310
966699306
966542971
966444473
966067426
966064387
965894383
965877329
965477319
965454822
965301638
965210103
965036126
964667870
964506957
964215091
964039414
963848872
963702885
963514339
963409900
963310585
963082543
963017989
962807245
962545732
962422691
962376037
962341757
962320874
962281504
962277187
962216957
962199278
962180945
962023297
961955341
961911282
961855639
961774698
961629358
961546849
961379725
961130350
961006398
960736866
960665462
960560868
960550197
960519897
960306159
960273443
960205780
959962027
959914051
959868844
959787760
959694358
959595981
959540279
959510075
959461233
959194031
959182178
958985463
958860186
958746798
958647298
958595163
958550940
958547595
958357637
958356050
958343989
958263051
958130793
957772587
957627461
957517198
957505455
957429892
957338952
957328180
957304854
957151935
957093863
956963312
956957564
956878542
956821642
956790014
956453317
956325349
956018396
956018374
955585073
955532570
955513548
955338726
955284246
955270132
954969227
954917406
954723563
954720815
954698888
954698239
954078094
953922306
953421212
953416597
953364594
953145004
952846626
952710141
952628576
952582103
952542230
952494660
952246493
952219911
952009618
951783544
951682002
951632127
951605470
951297110
951238277
951233979
951096426
951080541
950739098
950649365
950477278
950156503
949933615
949848932
949847246
949746332
949722757
949670979
949431646
949368426
949300357
949273636
948572502
948378346
948358755
948170161
947914909
947898012
947789281
947479930
947258131
947177038
947087774
947057174
947048223
946934474
946844801
946544262
946407108
946349591
946274061
946253425
946233360
946087778
945896769
945814128
945489137
945477886
945395488
945287305
945117400
945095143
944966391
944866722
944656914
944356518
944337408
944311999
944309070
944023293
943992033
943966578
943820160
943818054
943771733
943764134
943723712
943719128
943525273
943420928
943412157
943326914
942986513
942971744
942968614
942968057
942748554
942673214
942514049
942426112
942261461
942143820
941966347
941805893
941644825
941636903
941545349
941456343
941376933
941121145
941020663
941014671
940679003
940498346
940497911
940331868
939995609
939886703
939880953
939722226
939629698
939402661
939357194
939344743
939310811
939164084
939088303
938896473
938856906
938662090
938617482
938530729
938441471
938434116
938424078
938238316
938237787
937871408
937764715
937723904
937708128
937696132
937500120
937337234
937243043
937197893
937185772
937154608
936963310
936737093
936732844
936721455
936608974
936582057
936468993
936357597
936348966
936327661
936305728
936270679
936194017
936096691
935755039
935639407
935385062
935377091
935373710
935366268
935361379
935359295
934884104
934806153
934706600
934684099
934504082
934477802
934319049
934010610
933923767
933805974
933461377
933201913
933012625
932899026
932751154
932693374
932572213
932551038
932529563
932488625
932447323
932215933
932167613
931856974
931702764
931689358
931501325
931446298
931294750
931275529
931073593
930895577
930768726
930755542
930744768
930577736
930433345
930406577
930331030
930139500
930121903
930118723
930050235
930031019
929869880
929856792
929833304
929706819
929658961
929620589
929615505
929448037
929319509
929165611
929108835
929099475
929059558
929012537
928940625
928747847
928581657
928536638
928299664
928173612
928018759
927986046
927928283
927926056
927508503
927204651
927192398
927063724
926963045
926889152
926810910
926806919
926735901
926664730
926154279
925729603
925666511
925389643
925343185
925335867
925185855
925155443
925107405
924769865
924411465
924161716
924114557
924100116
924074490
923977394
923960714
923907385
923825439
923662965
923503673
923488350
923411706
923377203
923335301
923261300
923212919
923102274
923010519
922884318
922799061
922733723
922648941
922634268
922489000
922427661
922311470
922143784
922017702
921962657
921910150
921588877
921285852
920925914
920812462
920741747
920661540
920646206
920633348
920514680
920306975
920214191
920002680
919987792
919910796
919836376
919638234
919396040
919362970
919231476
919210953
919038831
918995644
918726800
918705416
918566883
918487549
918440320
918164304
918116618
918045646
917963625
917679331
917546387
917428664
917302099
917158836
917044187
916825337
916793276
916566503
916398499
916231384
916207326
916045593
915966232
915691276
915378137
915248131
914955391
914945264
914855312
914802074
914675249
914639188
914587037
914542173
914475504
914407197
914399100
914341222
914287291
913962680
913920816
913716390
913686480
913488125
913482147
913468163
913369059
913356893
913289094
913139484
913134754
913105915
912970626
912751077
912677898
912569254
912285481
912282271
912240028
912169436
912127566
912040791
912010625
911937269
911722575
911713113
911707311
911707279
911702097
911636744
911613601
911323917
911234146
911215608
911199815
911069131
910986574
910980446
910896928
910865521
910441435
910250757
909929643
909597135
909575428
909543158
909485374
909383760
909293694
909155713
909133756
908900219
908866915
908847345
908769511
908676544
908254318
908214990
907953978
907792417
907698307
907644677
907565105
907442891
907312407
906948009
906876664
906682043
906501454
906417676
906303683
906274264
906176038
906117688
905938458
905738456
905657040
905454981
905181542
905010205
904879506
904877110
904800168
904731428
904692490
904683718
904593271
904543616
904483371
904383268
904040042
903948203
903728185
903657688
903401981
903147056
903022638
902814692
902809189
902550105
902027790
901820520
901769110
901768649
901720635
901693300
901388067
901333921
901284679
901198089
901196100
900981702
900935448
900883271
900809594
900716451
900692777
900335180
900328294
900274167
900253381
900193570
900146380
900062309
899917663
899864388
899745368
899580904
899313941
899284309
899218466
899036527
898965426
898962584
898852409
898834502
898824430
898761694
898737534
898726689
898726140
897903420
897870275
897716635
897350430
897282307
897266928
896969993
896823354
896709264
896417938
896291262
896218984
895933103
895881073
895665964
895615482
895510371
895508856
895111673
895041655
894626192
894174445
894163170
894129192
894128605
894028349
893992728
893900954
893850592
893815655
893547577
893514671
893289921
893217351
893127214
893124629
892793878
892472669
892412155
892279926
891856686
891744157
891694769
891498984
891411497
891343563
891282734
891193993
890928770
890623192
890446648
890368279
890217641
890155955
890078050
890054354
890017733
889983195
889946804
889933004
889883618
889772795
889665693
889196556
889142462
889096504
888989640
888978834
888892181
888886447
888881882
888616709
888380351
888068771
888055427
887883179
887809092
887465361
887109165
886946288
886867007
886847608
886684767
886540648
886536590
886438982
886436341
886209074
886094985
885861205
885685155
885626675
885607502
885569972
885540326
885269827
885090279
885055393
884967158
884849132
884823056
884483839
884278157
884229566
884149434
884005351
883662901
883624356
883536724
883465325
883410508
883097679
882916072
882478811
882477815
882437507
882367858
882138620
882128390
882074997
882055806
881862368
881797094
881653490
881469724
881337116
881312955
881261888
881222089
881219604
881080157
881055456
880999837
880684279
880571093
880550153
880516350
880416904
880170837
879894487
879788191
879696219
879616229
879605152
879572838
879472556
879304221
879303951
879220274
879183049
879122645
879011032
879004762
878967035
878895262
878842495
878683330
878536210
878517140
878505320
878308160
877994650
877891863
877807117
877712761
877691926
877565307
877477447
877332227
877156003
877024969
876891264
876805854
876715680
876624774
876559668
876506967
876270567
875884369
875704482
875643865
875629158
875568920
875549507
875443461
875434916
875375469
875323460
875309026
875111911
874869285
874810785
874692878
874505580
874240181
874194615
874087510
873940719
873933295
873885213
873719019
873514976
873509677
873232186
873178963
873161655
872872394
872824609
872763231
872649889
872302047
872191650
871966936
871914858
871885666
871880867
871859748
871853811
871841112
871809941
871729164
871528682
871500641
871452806
871431191
871404069
871342515
871314132
871224579
870798788
870615833
870596292
870527232
870276503
870183525
870164191
870011990
869680712
869558393
869381985
869358147
869341840
869141546
869100099
868906493
868662003
868175198
868108756
867755798
867503643
867461128
867453625
867453619
867282842
867059403
866575952
866466446
866430613
866408276
866379528
866223830
866198001
866189176
866080640
865908775
865840728
865668629
865338544
865215024
865039067
864962302
864822280
864648351
864612648
864505235
864379743
864274641
864264940
864248414
863887152
863722876
863672972
863634497
863558879
863554508
863535837
863429921
863356864
862888684
862861810
862816827
862725709
862704185
862637788
862605995
862518031
862465152
862128356
861908333
861740548
861691181
861569162
861550460
861385411
861288662
861038909
860967899
860705950
860402522
860379417
860147357
860098051
860018444
859955472
859941232
859939227
859923168
859862516
859657440
859628157
859558013
859307520
859230115
859068155
859018499
859011907
858855982
858801936
858748683
858725328
858562882
858547756
858368528
858295591
858238882
858175153
858061100
857905451
857756501
857640368
857616249
857550511
857534429
857482632
857225148
857143009
856881668
856832413
856223131
855980942
855802207
855380367
855207733
855128841
854982815
854967181
854465831
854334471
854082663
854044815
853838098
853738528
853556036
853442971
853410507
853206200
853203797
853182994
853142243
853098366
852984352
852889632
852885135
852680418
852559826
852542994
852381519
852226019
852172818
852062842
852056567
852043602
852026316
851773258
851607523
851174251
851086792
850899403
850701637
850356764
850301055
850095753
850011274
849972593
849919260
849911069
849664099
849462766
849461849
849170079
849166159
849146620
849090696
848968132
848260600
848003575
847435792
847432025
847420623
847359021
847254996
847031988
847000197
846825526
846808503
846613755
846506823
846443643
846420257
846348938
846274013
846215220
846176212
846126208
846112372
846111569
846083453
846046743
845909612
845735192
845507789
845231828
845228148
845221174
845017368
845014063
844998352
844883100
844822105
844764071
844648722
844360941
844344423
844040411
843812889
843701122
843689704
843650979
843498643
843487667
843353829
843312309
843287529
843138479
842904249
842816956
842648239
842633596
842512128
842441764
842412456
842391043
842263168
842003098
841826756
841531726
841513091
841447058
841255124
841057811
841029186
840951449
840767456
840478323
840446980
839960010
839946367
839923705
839709790
839577342
839507224
839405885
839378435
839270726
839210617
839173071
839162382
838981959
838978501
838944397
838922861
838759372
838618242
838044171
837909764
837774136
837768089
837404101
837374075
837337488
837323918
837239520
837028170
836924598
836922288
836914801
836872340
836524708
836402945
836402019
836304216
836199815
835947940
835853643
835706526
835634959
835618052
835435958
835426436
835379455
835354933
835332619
835188141
835114847
835110731
835083878
834939630
834655120
834313245
834248623
834239403
834206956
834058215
834042383
833969226
833937616
833934650
833851910
833812049
833591877
833529444
833197793
833077231
833012173
832994446
832873822
832859337
832632839
832582028
832573594
832541272
832497931
832488893
832366581
832293128
832237539
832088118
832046365
832040948
831931513
831819749
831811686
831672362
831640417
831445984
831398399
831323864
831288447
831134987
831068326
831051835
830971247
830815263
830807472
830552764
830437882
830394519
830257895
829971762
829956385
829884595
829668360
829568141
829540155
829382335
829275460
829216447
829195090
829057556
828648658
828444502
828345374
828178518
828101889
828068011
827874231
827829806
827753790
827481814
827360844
827333887
827044209
826964076
826850086
826783494
826761444
826744416
826592252
826560243
825707764
825679674
825669613
825385077
825381185
825377952
824826661
824626556
824288266
824283596
824189349
823977835
823653560
823590048
823566283
823554992
823524709
823463824
823458017
823414864
823364057
823360056
823345728
823287344
823239867
823172878
822883515
822637829
822602887
822504554
822104921
822099127
821822564
821742788
821735729
821678125
821550097
821267203
820888364
820786195
820734395
820703390
820656557
820507302
820461160
820449981
820440874
820312385
820156054
819851218
819767343
819727448
819608091
819055441
819052917
818876864
818829370
818797614
818549696
818526359
818502966
818495872
818388005
818260391
818220605
817951532
817940119
817749278
817741643
817680753
817452795
817224323
817139757
817009887
816745307
816695961
816680987
816598237
816482318
816239705
816235886
816114394
816075025
816013213
815489144
815472232
815250104
815133727
815019413
815011249
814911712
814874420
814519614
814214867
814167056
814149016
813960621
813763895
813725004
813643843
813557499
813532833
813463947
813316494
813299596
813177814
813101137
812965882
812908573
812655933
812487085
812180986
812117480
812058618
812039372
811862243
811461511
811397215
811311051
811267113
811161883
811095081
811021912
810938481
810816525
810815229
810674089
810500419
810462758
810264222
810220074
810111201
810083004
810072933
810054788
810035343
809958064
809744463
809346886
809228422
809228094
809108751
808902197
808747067
808603920
808577144
808492443
808362765
808242862
808108324
808044132
807956988
807946913
807880505
807811290
807788526
807745663
807656017
807439509
807335591
807115843
807020185
806928137
806916368
806764215
806740254
806081172
806075891
806012004
805897810
805833358
805747750
805619932
805319180
805180814
804994973
804874970
804849361
804782972
804663802
804614063
804552593
804473019
804428309
803392824
803334044
802944199
802635198
802625199
802625117
802596212
802415487
802329738
802275645
802264564
802076851
802010832
802001752
801967418
801955608
801633750
801550263
801235811
801115851
801065337
801019250
800969538
800631819
799975421
799532813
799371728
799353151
799319729
798953847
798953631
798899410
798836653
798706440
798500315
798382373
798338154
797942873
797900544
797814300
797729141
797562137
796862551
796786213
796677697
796665476
796511246
796202060
796115133
795944970
795918796
795743561
795551717
795471979
795342665
795138067
794962595
794955772
794930584
794831528
794726190
794598977
794453422
794418683
794408059
794291014
794211709
794009181
793689156
793660160
793578279
793553414
793546102
793435909
793284620
793250527
792989313
792989278
792964654
792789986
792691805
792597595
792435700
792209209
791956648
791944987
791781629
791734708
791577679
791576026
791125322
790998852
790969680
790961909
790885882
790797272
790769191
790760593
790642378
790441973
790364527
790259498
790240537
790047610
789908074
789890063
789872801
789770801
789717936
789404155
789361887
789333543
789310180
789094260
788987408
788920623
788763614
788429584
788169785
787796221
787569567
787540112
787426461
787152249
786955440
786942781
786881710
786872280
786286062
785887393
785533887
785505772
785463219
785452780
785445360
785140840
785087609
785084627
784932948
784804514
784735031
784721689
784695146
784515171
784416713
783950338
783817458
783790837
783641378
783637414
783629999
783290139
783286800
783218315
783164545
783014400
782291367
781751728
781731809
781611072
781284766
781236392
781114191
781052038
781001034
780891287
780887642
780848934
780719119
780234406
780102887
780009319
779849753
779840855
779678930
779559453
779558662
779237111
778824837
778676540
778372549
778294012
778243828
778109214
777803790
777744915
777682811
777588705
777491111
777464370
777398409
776998905
776985538
776795579
776707115
776672827
776584320
776507297
776282462
776280745
776134460
775732181
775489637
775349546
775303831
775163579
775096684
774949241
774861598
774857722
774397221
774308998
773661817
773597916
773389766
773382151
773203094
773065854
772876536
772742229
772593089
772543072
772507916
772476446
772376812
771395399
771349416
771287505
771282532
770928188
770841542
770767272
770361675
770357293
770351241
770322236
769986710
769958758
769931054
769909812
769887343
769808501
769377995
769375693
769372999
769280219
769105091
768988527
768744918
768152056
767844275
767823645
767781893
767696706
767540651
767504041
767099530
766987508
766967157
766888179
766820652
766773108
766680278
766593442
766516097
766050769
765973931
765913219
765770369
765699930
765598336
765481088
765458848
765227661
765072947
764641899
764618000
764023412
763970212
763946081
763805042
763787042
763703241
763666395
763436369
763385842
763133606
762994416
762678962
762628128
762510129
762482983
762366661
762338642
761450416
761355001
761165848
761139335
761122273
760906773
760896855
760702247
760661858
760548526
759930949
759879423
759856411
759684705
759389154
759336450
759331900
759214492
759120196
759090664
759020564
759018464
758670444
758609676
758190112
758141869
757993034
757957565
757849482
757742882
757717730
757697098
757647879
757640002
757524493
757373945
757371011
757294924
757079542
757070051
756917852
756866717
756747009
756640125
756620468
756578624
756499278
756444278
756327360
756158830
756016923
755849666
755847820
755726220
755608750
755128015
755052272
755046274
755042318
755041274
755011658
754956462
754888781
754811545
754749044
754705270
754363473
754336906
754294676
754148100
754017869
753710747
753618996
753374950
753332533
753122572
753109693
753061448
752909307
752874975
752699387
752496645
752340226
752071835
752004113
751951043
751849795
751823473
751706271
751316433
751178556
751107381
751077459
750892648
750637076
750181385
750114444
750064287
749958897
749926315
749881944
749571666
749396462
749308270
749259711
749165788
748745516
748667455
748602809
748593624
748516406
748471855
748183017
748159867
747976982
747930013
747809382
747739958
747724150
747658536
747596536
747487942
747229147
747174239
747171077
747077708
746954165
746911699
746878413
746792281
746684703
746639664
746589246
746513320
746456225
746408938
746261893
746208840
746173334
746030678
745906313
745868699
745850216
745769022
745764776
745593590
745321626
745186523
744276686
743864720
743788879
743751762
743631794
743402691
743346490
743345995
743060214
743032498
742650286
742546018
742365576
741906231
741787795
741671441
741575340
741307469
741299663
741187712
741171724
741110225
741090027
740784780
740639318
740599918
740424572
740118428
740108722
740047653
739983500
739785475
739514468
739422732
739250674
739242588
739112349
739087621
738993531
738893972
738887316
738853248
738848325
738732831
738694996
738606071
738528420
738525914
738494274
738343684
738191567
738153478
738102167
737767523
737746688
737589521
737478106
737290859
737175169
737042574
736889883
736847667
736603152
736568649
736529304
736452396
736428548
736307506
736132564
736098348
736049404
735873113
735741362
735602553
735548635
735384873
735349794
735182557
735079835
735073018
735065978
734837062
734752069
734713513
734686908
734586101
734470327
734436297
734429413
734405519
734249336
733508594
733477167
733066226
732895102
732784189
732361039
732272611
732134097
731984007
731934465
731913130
731860755
731803545
731694495
731589510
731387466
731129076
731062795
730900234
730515227
730488699
730345541
730107792
730077890
730072873
730009513
729853050
729632416
729540231
729420183
729176274
728783620
728650208
728431450
728245024
728178887
727444258
727224956
727195632
727106011
727097119
727052735
726899951
726602455
726331632
726166662
726059757
725852953
725764324
725761748
725670531
725638427
725581257
725419185
725204382
725180814
725150989
724949239
724927326
724902887
724880372
724652492
724488180
724377974
724212833
724132333
724012596
724008830
723885621
723852664
723511786
723381195
722743646
722637418
722600014
722294530
722198319
722104211
721743584
721567671
721548977
721547007
721538331
721511775
721339486
721126001
721041486
720938082
720927015
720743344
720674983
720496998
720458436
720297539
720069251
720062511
719837297
719780964
719659087
719494376
719300263
719033172
718958812
718850705
718767996
718461591
718354996
718305953
718225278
718186697
718183182
717527915
717394698
717244634
717108040
716898946
716823771
716754534
716464579
716437045
716348494
716329140
716127003
716054771
715940239
715557188
715302879
715132644
715120284
715089107
714969225
714902714
714762165
714751366
714734952
714489258
714480443
714360982
714090735
714006631
714006409
713884741
713857134
713847474
713829022
713803113
713686084
713645538
713580797
713551193
713517116
713483983
713388408
713347154
713267044
713146170
713065974
713013306
712927338
712871714
712622497
712191075
712167101
711521392
711225979
711210459
711143248
711106650
711056610
710794079
710617355
710379711
710270336
710232360
709969425
709862993
709787643
709774536
709730008
709348709
708997156
708981380
708976989
708914762
708699736
708000157
707897795
707867181
707765083
707720425
707707145
707454504
707189919
707166000
707152644
707034821
706947203
706922907
706625189
706208079
706149816
706097896
705658164
705589845
705249950
704976106
704935867
704889630
704791217
704781642
704699210
704589196
704509097
704423823
704353665
704341029
704218264
704099097
704052320
704021148
703879255
703737153
703720452
703670754
703441049
703381402
703142079
702898586
702624319
702522434
702390485
702345677
702340776
702179511
701905769
701730921
701695465
701653244
701539539
701487849
701431581
701362074
701256880
701206766
700956952
700842322
700756849
700714518
700532279
700497260
700436035
700344505
699834255
699822998
699772191
699761822
699754392
699733873
699694874
699594360
699550305
699448802
699060543
698858567
698846285
698653989
698449680
698250902
698195962
698144622
698029575
697944504
697828076
697811106
697564051
697417673
697378774
697329027
697293839
697274985
696655881
696629036
696365327
696357649
696320649
696178606
696115176
696057731
695729387
695629142
695317023
695106499
694706659
694677429
694595503
694540677
694304381
694243724
694185510
694168351
694162508
694034263
693992106
693670384
693609653
693605766
693244928
693089162
693075055
692660451
692634473
692561351
692553713
692417404
692314604
692270001
692159943
692095836
692027869
691849405
691728557
691472984
691198491
691185634
690923198
690825667
690742002
690613799
690473230
690189703
690188908
690042481
689983043
689398240
689178495
688934158
688851354
688810876
688801050
688624152
688542430
688528910
688522259
688343304
688179256
687538869
687476060
687355776
687038434
687030814
686965343
686928318
686832946
686666810
686590394
686520967
686311951
686283377
686258008
686242580
685925925
685894550
685725572
685526642
685513487
685509774
685424722
685333752
685175716
685132605
685069732
684916096
684773850
684571057
684480536
684363853
684291297
684093524
683869114
683837310
683832014
683744635
683263836
683238202
683200538
683015527
682897503
682855778
682747466
682384714
682308092
682272632
682197183
681613858
681593873
681578066
681515127
681457677
681267981
680771187
680760963
680653098
680588353
680465278
680210825
680042063
680000996
679800860
679670969
679474638
679450894
679204829
678964552
678296588
678259181
678159995
677935315
677693860
677471710
677261067
677140617
676627815
676566401
676556921
676216769
676183673
676066828
675984069
675879986
675866938
675583564
675572647
675446454
675358450
675183423
675122377
674685850
674614421
674546392
674378287
674278775
674275230
673962330
673655751
673589592
673545406
673471527
673469553
673448647
673377502
673168415
672884798
672881023
672845632
672838381
672824100
672773197
672448684
672419733
672340082
672128014
672091681
672033123
671979148
671814612
671656439
671534207
671192055
671142628
671121683
671001936
670687045
670581232
670568071
670543511
670456081
670320341
670082048
669973330
669938989
669789880
669682655
669650669
669552777
669358952
669215123
669184538
669127596
669111022
668948680
668658486
668612518
668519472
668484130
668410660
668279411
668215139
668132271
668069813
668060559
667883134
667723411
667714196
667714034
667563230
667498174
667444503
667422286
667388788
667355497
667324717
667168811
667114703
667050679
666994564
666842520
666734218
666570814
666505747
666435643
666429351
666304257
666245581
665987719
665985034
665832509
665828149
665811136
665810806
665745549
665592852
665496720
665485035
665471464
665262612
665171307
665130661
664793432
664672386
664653480
664595865
664429999
664200271
664130898
663966998
663927600
663914063
663755299
663672721
663646675
663550455
663547346
663445030
663392198
663192578
663036970
663017568
662896044
662451284
662325979
662308648
662111160
661975552
661906240
661726035
661531990
661449571
661149806
661112802
661091077
661040362
660912458
660764810
660722702
660658238
660588420
660442645
660217013
659865911
659663544
659516334
659253365
659212681
659112411
658809923
658780732
658773539
658329398
658304441
658027814
657896938
657771200
657712871
657422243
657284612
657167732
657097419
657090651
656985579
656856804
656609878
656435386
656145925
655865247
655594410
655355376
655038501
654910829
654608699
654538588
654445423
654429633
654280544
654257742
654078873
654035142
653912199
653900877
653754858
653570386
653464392
653443651
653316117
653304561
653212775
653142815
652756788
652625669
652407979
652221586
652189609
651986480
651924994
651923075
651635375
651624051
651587429
651576593
651483161
651441706
651269972
651264166
651126660
650767549
650537468
650431096
650421802
649393198
649294030
649145253
649009888
648361758
648164088
648139625
648124232
648058592
648012443
647978749
647433675
647386623
647285205
647244341
647179776
647093600
646898893
646880854
646677485
646498199
646497086
646489159
646476243
646263484
646237536
646173877
646093421
645817640
645442295
645438845
645186374
645117917
644879510
644795689
644526096
644488229
644487136
644420055
644262262
644237054
644157561
644067704
644067361
644015476
643930431
643869217
643841364
643716641
643685082
643602863
643452890
643409493
643000693
642790219
642783671
642702466
642592695
641987450
641950557
641785603
641702384
641309460
641299806
641058598
641014487
640965972
640963014
640687204
640509655
640273744
640266488
640135620
639951632
639935833
639897491
639753994
639714576
639512459
639506648
639454028
639218329
639177519
639105335
638848444
638770700
638679874
638639805
638537628
638513146
638500128
638433346
638360029
638317608
638196842
638120638
638113212
637966620
637756268
637703692
637581905
637533763
637486342
637179940
637071214
637056841
636911212
636691759
636647647
636587648
636457234
636335626
636334221
636296457
636252889
635892515
635875055
635631838
635609404
635157071
635080947
634852730
634807242
634586799
634528511
634247827
633983693
633816319
633777251
633720798
633283947
633200336
633080744
632976140
632952413
632934495
632926848
632701545
632656984
632468568
632421737
632409361
632407043
631979578
631837872
631727312
631617694
631535784
631340374
631263858
631020112
630989506
630943064
630800476
630689985
630302507
630274874
630203392
629999881
629997126
629673519
629500765
629486660
629244711
629232090
628768580
628764923
628537014
628483193
628285424
627999911
627907718
627853947
627731477
627269964
627147024
627016882
626873543
626626726
626545509
626518404
626383310
625971400
625946169
625930347
625827666
625740478
625729414
625709307
625573640
625551535
625522495
625457370
625438027
624347034
624341301
624236882
624112329
623980630
623608787
623361506
623046783
622975902
622826281
622624063
622515317
622386904
622342811
622290369
622261940
622112982
622037038
622015292
621894236
621851539
621780393
621475780
621328846
621219172
621126985
621072844
621054845
621030962
620948846
620939183
620935505
620860594
620707062
620571191
620502611
620263245
619790400
619692783
619443564
619269348
619262423
619094766
619039323
618837235
618737268
618585881
618581881
618556149
618522924
618388910
618155672
617919480
617903362
617733015
617623072
617329221
617209913
617088183
617066341
616995762
616489488
616390575
616296247
616167798
615911379
615760654
615629150
615561234
615091343
615070222
615024148
615011010
614947307
614529936
614412397
614336079
614136623
614071908
613952288
613934207
613856357
613547561
613489643
613452985
613428083
613370074
613296777
613261362
612960518
612874849
612830271
612759486
612715534
612542221
612451887
612422234
612324096
612249365
612228675
611868754
611831004
611820658
611782972
611716145
611678552
611635212
611564296
611389175
611310969
611254606
611220587
611124079
611118834
611013182
610960169
610811231
610728630
610620469
610615082
610566549
610452433
610394080
610361560
610211093
610182067
610159392
610145261
609829256
609624070
609582249
609360454
609314862
609230636
609179265
609084538
608891168
608767985
608618198
608613578
608572363
608486631
608334318
608320537
608144428
608111054
608105465
607756458
607706047
607697092
607515609
607246994
607204982
607034619
606958464
606821372
606809618
606809592
606577002
606507957
606327944
606105338
605948947
605790015
605760874
605715899
605622803
605492138
605272024
605234056
605174972
605095309
604961345
604908232
604648710
604575947
604496530
604414271
604274330
604236889
603741911
603525483
603339883
603322251
603242760
603148549
603060350
603026098
602707576
602626009
602625724
602480339
602224685
601930766
601881168
601875828
601583966
601436324
601357804
601308202
601285538
601215756
601187316
601159682
601068081
600846640
600830254
600795987
600774274
600559522
600389793
600375705
600296876
600198143
600045850
600023577
599777153
599691310
599464829
599365045
599343532
599121562
598988929
598823021
598726770
598636415
598530025
598297708
598244953
597958378
597953627
597905748
597829542
597781146
597677536
597668461
597656435
597474482
597436548
597384412
597332018
597269963
596857987
596711524
596673904
596645119
596616546
596613462
596481755
596355124
596346762
596296370
596270332
596151525
596070942
595884545
595733439
595629468
595564616
595377153
595367880
595312477
595296711
595203811
595144893
595117163
594965634
594880695
594780624
594721339
594566730
594494710
594468144
594390101
594223012
593946514
593881780
593631183
593625200
593620629
593531244
593361807
593337737
593038861
592942718
592583110
592372478
592360220
592339556
592160555
592064359
592053173
592015341
591907529
591781282
591673184
591637278
591628397
591402291
591335351
591246613
591125540
591100144
591030007
590839010
590739475
590730816
590589303
590544642
590524801
590392240
590270124
590108494
589976809
589975390
589936201
589586733
589583577
589576619
589458248
589399457
589233404
589050603
589008490
588764497
588741507
588635741
588405490
588364531
588158192
587844863
587835544
587780674
587761581
587624384
587588375
587283869
586965116
586890824
586474712
586438272
586364044
586331732
586084120
586042723
585800601
585625737
585471515
585451818
585423336
585268115
585141700
585137707
585110626
585071125
584890462
584837635
584681173
584484262
584454106
584241989
584138136
583796703
583652715
583294284
583056229
582538028
582527372
582485612
582432507
582425124
582156113
582104672
581995624
581914898
581867122
581721398
581644344
581641784
581536701
581442193
581150616
580732723
580731895
580706440
580512558
580210332
580190337
579826248
579782101
579723441
579431845
579261109
579220980
579113880
579029853
578991580
578972520
578747605
578594659
578466951
578340749
577727375
577610652
577543457
577517295
577142219
577003253
576893444
576637850
576606768
576554153
576551162
576471375
576435005
576426868
576002742
575954354
575884949
575842242
575737715
575513860
575503860
575381447
575235059
575206164
575092244
574934457
574790352
574612643
574558588
574481390
574474473
574291078
574073564
574066578
573896975
573647491
573455245
573454671
573408565
573352284
573053202
573033442
572954334
572603332
572415173
572344101
572076259
572020622
571989783
571730805
571514825
571498746
571427585
571394687
570873998
570781342
570777524
570696527
570650798
570628635
570426669
570424627
569897903
569764865
569680327
569515466
569446809
569441612
569421833
569285190
569184615
569140605
568933222
568795005
568668052
568647205
568485443
568357813
568255684
568189499
567868568
567627635
567505702
567500979
567470892
567307591
567218488
567126887
566800230
566674875
566338009
566066601
565996496
565880848
565787502
565540031
565028169
564984961
564901651
564873373
564840821
564724188
564560228
564419693
564356759
564224307
564219188
563976074
563795279
563699341
563387984
563352448
563247856
563149624
563087533
563064253
562980072
562958375
562939029
562878733
562739884
562717729
562704521
562703979
562694184
562665917
562637781
562569564
562562156
562533159
562476720
562424161
562331131
562323216
562159989
562034778
561671416
561603044
561113565
561092148
561086916
560951353
560895555
560827902
560792903
560723074
560657179
560515258
560499304
560212027
560089360
559755183
559717168
559549102
559349182
559244817
559208215
559183780
558830791
558771167
558611117
558467050
558291697
557477552
557450729
557450252
557383480
557197721
557192115
557165394
557082156
556734843
556647514
556477201
555948449
555764925
555760675
555627579
555512109
555447749
554992351
554958279
554710062
554527569
554513487
554454866
554390061
554369903
553934193
553795466
553604271
553520075
553500829
553383453
553313156
552988420
552869787
552857175
552578080
551893021
551760170
551484810
551348937
551307978
551270903
551038513
551006501
550920963
550876912
550833520
550782712
550682789
550543313
550528918
550414655
550371587
550114082
550016446
549933406
549876463
549694493
549535809
549521562
549424066
548894707
548849027
548820567
548771994
548695355
548475576
548430348
548357485
548304196
548258589
548069989
547775723
547774889
547452491
547232799
547221414
546973461
546608303
546597314
546454266
546345048
546237282
546236048
546148102
545851914
545681521
545562023
545556312
545444545
545375212
545210240
545060710
544943296
544920539
544840857
544694420
544623513
544329542
544287792
544256231
544042190
543803301
543476095
543292188
542947209
542754430
542664000
542496155
542313547
542196304
541893610
541661243
541622006
541613244
541457261
541402423
541401079
541012394
540599521
540578123
540492635
540439390
540433473
540321119
540297322
540207614
540165706
540015422
540005869
540001520
539905641
539397481
539100249
539043699
538923573
538847372
538796621
538786478
538663810
538647345
538558044
538474580
538461866
538409308
538320649
538093834
537942997
537578771
537297128
537213489
537060531
537028536
537020356
536775914
536722764
536707373
536627168
536174224
536121717
536041924
535973991
535692365
535655882
535567750
535194013
535081605
534993261
534883891
534824770
534789625
534766076
534499793
534424527
534180689
534098519
533945900
533942766
533614836
533244455
532997078
532720418
532712222
532703079
532676785
532632580
532588677
532353049
532196915
531919139
531799795
531772978
531752770
531728280
531516829
531504400
531275679
531184096
530921669
530841214
530794700
530612823
530388095
530337061
530321229
530288855
530118508
530091586
529848996
529643813
529213804
529157836
528915582
528847852
528734568
528655153
528629374
528391895
528298371
528148900
527960238
527873540
527675260
527342456
527265383
527051965
526920007
526890468
526472936
526394777
526345025
525907109
525869363
525825383
525364712
525359195
525349305
525340278
525215677
525209289
525072194
525056545
524800126
524621197
524559823
524504220
524302105
524231641
524203754
524136796
523937995
523853873
523826127
523560111
523536078
523186257
523116371
523057719
523049076
523020731
522926165
522887372
522871083
522864860
522834570
522752438
522560187
522506378
522429976
522083288
521873267
521848350
521766168
521589637
521564789
521535938
521448680
521316045
521309103
521302594
521230614
521197465
521023246
521010998
520927592
520786067
520607317
520602590
520513202
520340178
520267610
519829084
519784883
519780498
519709112
519614717
519478970
519305830
519254045
519243588
519023401
518684686
518467238
518455999
518416429
517895964
517797645
517768830
517624774
517442446
517403860
517241016
517084656
517077769
517057199
517029872
516988425
516943363
516783147
516762037
516734413
516624506
516593188
516495541
516437643
516413790
516385373
516378694
516073968
516062295
515991098
515808748
515687374
515142166
514888968
514679069
514646558
514428497
514421405
514396919
514394209
514366673
514153160
514118881
513976452
513830758
513806818
513649012
513641301
513594713
513438907
513202971
513088999
512700667
512679237
512369227
512310968
512082042
512018894
511964027
511961426
511758079
511749639
511719657
511708188
511626872
511551294
511452692
511207386
511206067
511145277
511136382
511062260
511060325
511055416
510998523
510990723
510953760
510822636
510801690
510788165
510760597
510487560
510332252
510265616
510102507
510093532
510077229
509993817
509541606
509296849
508981171
508768317
508741269
508612252
508603971
508594618
508404946
508340524
508118007
508026946
507888166
507699408
507664346
507635703
507624034
507535168
507524224
507485672
507382480
507296226
507288518
507139137
507067830
506954393
506757533
506459975
506169081
506070370
506058847
505603150
505550313
505193161
505096788
505052919
504868716
504822207
504812748
504735646
504699181
504235467
503819606
503736246
503703990
503513678
503493452
503439554
503023028
502942868
502883855
502849701
502447892
502395381
502262923
501724092
501682560
501260278
500819260
500746275
500511806
500213151
500134634
500130986
500008591
499919408
499470383
499384617
499362649
499323403
499282502
499161121
499029920
498964403
498855559
498797086
498687675
498592388
498349010
498184253
498165745
498107721
498093104
498087055
497918265
497913941
497794726
497650175
497556224
497513448
497446658
497361121
497279499
497216449
496650005
496566619
496544039
496429831
496173807
496138137
496088079
496079120
496028096
495944355
495600867
495467381
495411463
495339535
494871769
494524575
494517960
494120759
493939696
493937172
493744815
493214696
493206206
493037036
492930007
492918681
492877571
492697172
492531323
492509906
492491363
492398616
491901764
491896397
491660968
491521865
491468383
491279325
491071848
490968101
490938725
490924841
490726415
490594706
490540267
490452111
490295820
490173475
490050126
490018947
489954466
489904137
489875319
489867460
489605032
489593454
489576209
489438194
489329463
489301531
489217811
489093006
488977681
488905654
488875146
488743653
488697891
488694231
488486783
488284153
488276575
488268163
488259284
488180937
488152047
487806511
487525723
487476733
487283133
487265046
487230399
487215200
487176960
486969531
486746656
486601604
486347525
486281228
486138050
486017564
485655219
485587492
485534607
485316803
485301420
485253753
484867106
484865324
484766862
484651881
484416459
484312589
484173358
484116226
484076329
483999558
483831516
483808056
483733519
483690507
483569654
483456315
483439230
483361583
483215125
483206416
483087016
482989419
482977652
482942522
482860907
482809762
482573964
482549177
482449166
482393753
482380141
482256090
482079298
481942004
481882496
481880682
481843023
481717693
481612345
481537431
481326094
481243397
481200001
481135430
481116570
481032423
481028304
481004599
480893429
480769147
480759959
480623940
480360921
480330344
480298296
480242157
479940357
479902800
479841933
479653281
479600506
479409146
479363250
478878582
478110590
478021650
477881546
477654434
477349516
477248357
477121892
477052862
477015078
477007616
476806917
476674645
476629611
476535340
476482248
476473391
476422866
476218101
476158991
476033399
475938148
475927083
475810167
475768450
475689448
475642933
475546708
475485137
475478585
475209491
474783206
474745141
474595333
474429392
474396782
473766599
473741927
473653825
473592953
473473532
473457524
473280844
473166929
473159285
473158803
472993049
472947557
472863040
472727919
472725593
472619693
472537255
472434830
472414114
472260494
472259221
472189549
471958883
471955422
471755860
471633341
471564723
471110807
471094932
470918111
470847125
470778721
470778175
470509261
470473639
469965483
469962130
469885551
469879177
469710115
469522674
469417249
469355447
469250097
469187761
469140283
468896984
468799327
468487871
468363014
468099204
467976017
467904542
467904406
467629934
467431560
467273012
467215696
467095321
467051254
466800561
466747152
466386701
466361732
466210778
465962524
465837649
465758888
465753384
465679987
465645999
465636563
465547171
465469095
465225842
465123343
464856822
464798068
464772765
464719664
464719643
464656787
464590840
464530493
464491538
464313264
464290118
464208530
463869424
463757409
463578496
463452577
463421683
463405241
462996404
462954836
462860425
462815133
462546221
462398099
462191453
462189418
462099241
461722470
461703871
461552079
461053606
460925749
460923686
460728381
460444747
460416456
460346062
460211361
460069506
460030553
459977528
459941479
459771019
459712324
459664183
459557760
459371328
459326658
459310314
459301887
459265650
458897913
458813499
458811093
458554702
458392511
458311608
458223449
458195050
458112938
457931858
457887854
457877639
457818209
457627748
457572431
457388189
457159634
456526249
456486342
456327571
456315946
456135361
455853325
455726517
455712963
455646116
455444419
455239516
455191020
455181401
455122154
454972529
454905236
454620456
454544646
454495879
454478638
454380387
454311144
454150532
454021631
453968842
453949235
453922489
453904345
453737531
453665056
453643278
453591467
453461356
453237091
453148912
453042516
452869884
452519387
452436725
452209784
452202884
451931417
451904971
451811071
451782367
451762347
451712024
451615222
451369540
451368268
451234200
451179663
450946864
450890403
450810978
450722444
450562820
450170109
450041839
449957138
449827756
449565457
449559218
449536073
449431721
448939597
448887982
448759470
448660198
448520785
448492788
448479906
448476703
447904111
447713040
447639288
447588776
447289755
447237692
446525024
446397986
446240060
446061458
445960126
445868157
445628086
445515000
445474335
445321005
445035141
445003215
444894795
444417252
444341328
444303357
444224662
444170825
444068104
444003630
443611062
443604337
443450370
442963762
442892091
442858342
442387583
442344558
441996340
441976061
441791967
441714497
441670083
441509212
441350422
441320240
441133859
441130850
440763618
440688487
440677125
440486195
440278817
440242911
440208460
440109499
440080368
439912470
439743948
439609483
439422145
439375225
439124723
439094774
438754153
438530174
438464664
438210708
437967490
437668204
437573961
437523073
437498958
437490889
437277097
437230828
437176438
436972563
436863337
436815338
436429142
436359103
436320009
436246471
436031914
435939709
435884188
435849992
435633748
435623045
435531743
435333300
435230640
435172357
434901038
434833753
434810183
434685487
434657070
434639954
434617785
434443934
434290177
434143053
434141336
434004832
433945997
433667444
433571962
433318872
433164943
432999592
432945631
432833351
432814095
432702206
432512949
432471506
432398576
432268575
432206607
432046907
432034593
431903734
431861990
431711995
431451231
431244404
431067696
430883378
430824584
430743849
430526873
430509825
430377454
430357390
430330004
430139872
429994255
429951630
429926753
429819699
429810672
429696061
429564285
429295952
428899029
428777733
428772793
428636829
428580826
428547290
428458920
428387300
428312577
428181778
428134909
428084954
427895312
427890246
427804400
427777816
427684656
427683005
427626696
427553913
427488016
427452400
427432195
427318913
427011134
427000473
426768412
426748242
426716008
426715136
426693387
426569560
426543612
426481867
426246635
426064871
425915772
425833732
425754657
425713107
425521473
425165458
424890094
424865189
424800928
424715306
424570837
424265325
424177794
424081664
423814380
423757019
423552925
423540301
423520757
423517167
423477281
423246502
423213923
422927759
422918680
422886517
422753117
422701865
422547882
422395516
422210848
422150538
421897647
421538611
421493189
421420688
421271897
421191300
421067656
420782142
420685008
420448423
420069965
419500650
419390684
419353085
419144296
418891652
418758731
418758099
418699957
418566994
418320867
418268218
418202558
418181475
418125187
417780846
417748897
417678181
417579732
417504896
417467188
417412730
417361786
417337334
417310513
416996515
416856372
416749491
416719781
416632705
416601750
416516498
415898978
415836482
415692541
415651490
415575547
415508294
415476362
415395925
415073291
415023232
414987011
414713640
414669217
414465465
414442787
414425392
414330210
414040008
413707756
413466615
413386668
413372383
413162564
412974227
412910902
412702102
412695056
412682217
412476398
412422370
412387366
412253090
411982037
411846453
411706558
411704827
411595339
411416201
411400295
411124309
411117039
411116141
411106864
411042033
410906440
410795030
410750977
410554097
410526938
410315637
410296135
410253600
410134505
410033188
409683637
409620968
409140558
409105544
409076398
409003548
408969256
408919047
408889989
408833897
408758197
408738187
408730643
408541725
408529179
408503958
408479558
408411168
408330134
408227643
407998738
407993503
407992856
407959462
407889898
407499993
407468682
407213882
407099615
406976078
406894567
406774307
406629039
406225732
406101798
405868079
405799396
405680518
405520605
405208288
405157943
405006877
405001753
404892204
404711587
404665899
404611229
404594998
404162764
404073448
404055217
403947212
403939832
403920066
403837656
403295569
403131144
403030280
402990937
402851563
402742173
402141659
402083792
401934778
401893427
401619606
401525039
401184050
401145012
401139910
400848408
400832666
400495157
400252859
400159798
399975385
399957449
399946848
399924489
399856998
399853118
399758535
399750677
399611123
399609709
399548447
399508262
399105306
399035456
398864092
398729709
398709495
398645189
398614948
398156193
398074646
397849976
397816012
397678753
397571561
397509231
397497993
397186734
397124080
397108296
396829316
396746382
396737377
396722457
396695140
396554128
396357686
396195330
396181531
396154842
395979514
395458430
395416450
395399138
395390341
395387415
395275416
395138592
395108002
395022022
394971091
394541510
394497818
394458760
394211465
394165826
394087893
394001851
393301930
393157893
393151117
393098289
392931653
392556112
392522773
392506104
392343934
392326222
392321207
391956553
391952456
391945589
391721752
391621232
391618452
391587383
391297125
391218148
391195008
391186278
391136446
391012553
390931229
390891530
390809072
390792384
390786713
390627489
390506601
390460404
390422617
389985128
389888522
389888120
389720352
389557360
389509671
389470843
389245732
389155599
389034308
388920943
388800009
388755225
388685698
388639429
388474823
388369517
388365770
388244429
388235974
388082875
387861642
387842483
387813166
387638434
387461603
387450487
387410716
387306448
387171689
386899768
386756121
386371993
386171304
386058590
385799500
385619025
385354163
385280893
384766969
384744341
384692417
384328550
384250106
384138624
384016966
383889844
383818431
383753980
383657245
383646680
382995061
382809567
382797216
382763883
382361587
382345100
382339954
382236350
382082595
381742329
381499776
381399549
381294470
381246313
381034891
381002616
380693883
380489455
380271503
380228912
380104541
380055968
379503525
379469418
379422868
379415344
379409324
379366310
379364311
379081013
379055542
378644988
378431697
378343661
378337800
378283091
378053058
377980745
377960452
377726444
377717676
377381861
377249496
377212570
377132584
377058238
376897970
376763947
376581098
376564551
376486975
376432508
376324504
376274871
375961027
375827979
375723718
375648834
375593414
375388753
375372035
375211186
375189001
374954517
374832032
374819404
374782868
374710945
374512684
374477189
374468497
374439500
374278082
374267042
373991299
373710207
373672353
373666927
373548076
373512280
373447442
373432476
373417100
373317447
373243492
373175059
373161464
373099108
373036995
373015508
372706827
372631170
372298413
372074976
372022196
371997407
371831544
371780986
371445340
370691731
370539942
370466025
370251000
369924682
369922169
369875493
369647118
369444443
369324805
369074054
369030356
369013368
368953450
368841603
368776091
368598340
368278811
368216947
368048430
367980337
367976176
367497294
367234898
366868487
366712753
366528477
366419962
366309536
366254260
366127781
366114389
365591150
365585180
365484194
365402869
365236224
365208002
365181353
365037804
364861664
364833679
364803560
364782185
364721398
364583223
364563732
364476601
364427712
364273173
364181207
364121756
364067437
363864630
363716965
363409037
363221146
363102685
363057142
362760390
362722757
362719212
362545192
362389987
362291997
362153370
362045681
362025627
362012071
361804994
361793612
361727265
361698647
361479320
361451984
361244486
361170122
360970846
360949367
360625764
360500086
360497019
360282648
359986037
359659647
359628431
359601819
359587096
359567871
359518256
359444732
359443934
359353539
359263273
359251214
359167898
358861443
358694596
358496306
358397372
358309272
358297109
358161538
358145103
358087630
358042067
357988456
357864747
357844246
357816962
357707144
357469809
357405863
357380023
357163581
357151211
356823544
356803705
356707667
356589982
356366337
356239110
356169481
355856930
355651925
355630291
355528896
355367856
355232042
355207420
355064578
354997475
354992248
354874387
354824642
354646454
354508425
354405602
354358973
354352721
354177239
354028920
353831956
353792387
353538818
353469176
353412849
353400038
353122014
353042341
352916467
352786292
352766321
352703829
352599744
352506255
352505977
352407454
352166148
352144192
352122948
352117741
351953188
351923946
351734029
351704343
351462443
351249547
351103532
350891953
350832710
350482931
350408995
350395167
350384796
350283452
350108705
349842816
349619537
349333267
349075611
349015252
348891980
348724246
348658657
348498288
348396389
348238598
348212952
348078875
347805718
347793822
347490243
347382091
347298072
347216147
347145979
346904538
346812117
346794853
346669920
346627698
346590004
346491069
346465617
346354793
346287376
346064044
346029282
345978661
345953941
345932156
345918692
345810508
345800026
345753398
345724003
345586556
345507123
345078604
344974599
344879397
344090576
343961912
343712031
343595181
343513680
343454682
343259700
343072101
343070426
342999055
342970821
342946557
342866358
342816407
342735426
342423026
342216287
342208147
342109541
342080475
341997635
341991046
341899244
341825160
341766766
341756836
341479648
341295381
341107424
340966578
340862597
340855749
340715291
340713176
340677765
340617269
340581717
340560376
340459802
340454209
340264420
340264019
340123842
339915708
339813891
339421228
339213116
339188456
339159431
338966841
338864753
338790848
338697021
338536926
338346939
338340488
338200850
338185733
338088034
337771215
337733185
337200652
337082566
337045733
336965567
336886842
336687348
336668888
336496030
336450065
336420467
336141048
335970908
335731964
335587894
335413964
335355002
335264145
335091390
334936684
334881126
334823913
334750706
334674251
334613676
334564871
334173864
334029579
333763372
333741962
333281294
333011276
332992683
332886229
332744425
332721730
332710720
332696653
332566016
332539704
332473397
332459390
332320706
332221663
332207012
332188394
332104515
332097886
332054180
332030608
331880439
331763937
331724703
331391073
331261803
331090635
330906628
330830784
330808952
330650894
330602215
330133475
330113482
330111343
330107524
330103564
329886016
329374030
329295286
329118133
328980191
328786401
328769916
328766717
328338924
328159422
328071351
328040534
328019270
327993824
327946143
327794073
327250933
327083387
326922678
326836717
326790021
326745233
326621488
326307539
326233247
325986395
325886261
325693291
325627229
325606856
325406591
325281709
325171888
324864516
324773486
324644848
324631077
324630267
324417651
324180331
323933541
323799174
323694408
323543115
323268851
323190104
323018004
322910627
322519897
322336493
322336291
322316380
322315454
322255101
322203831
322160038
322145036
321978460
321930493
321906073
321885925
321619279
321339187
321323057
320736791
320711329
320313523
320272310
319965096
319830258
319800376
319770236
319535071
319483991
319277575
319243236
318927946
318821782
318570248
318218413
318053525
317882342
317879798
317849736
317609088
317566628
317448369
317430449
317271514
317209391
317178925
316889793
316313631
316272429
316160570
316031904
315942524
315878882
315825852
315626279
315613563
315574214
315056977
315010511
314979532
314846709
314828817
314489836
314241233
314228737
313869286
313822413
313739158
313647811
313632997
313466850
313382005
313143362
313099360
312755487
312481867
312478890
312187539
312118116
312089715
312019622
311985624
311893891
311820105
311745783
311706118
311678783
311622173
311573471
311473568
311408107
311161957
311145467
311115515
310909271
310529295
310424851
310335535
310308574
310303941
310239667
310131675
309946516
309941192
309738728
309736114
309714274
309708483
309622233
309549789
309441055
309360688
309357252
309026596
308884852
308823062
308778052
308537512
308443370
308097196
307815911
307717060
307388852
307370401
307210240
307177137
307119415
307092273
307050922
307001619
306974465
306733272
306686740
306652924
306643864
306545061
306505422
306291231
306192612
306013071
306003974
305929057
305876194
305846297
305815045
305745448
305479586
305165798
305121208
305023414
304997447
304905185
304894166
304666897
304653975
304531149
304446730
304440406
304406861
304307648
304016383
304001118
303780003
303727436
303699304
303616041
303497217
303405302
303369250
303282313
303171807
303159110
302840380
302745036
302594967
302548238
302454760
302385828
302312876
302305398
301831979
301626667
301605439
301552405
301463876
301337029
301307125
301200760
301191762
301175326
301146874
301099333
300685745
300668994
300499753
300444785
300124293
300015336
299922698
299876235
299833560
299812257
299490861
299390680
299364447
299268478
299139406
299059159
298977075
298902128
298756012
298526259
298386350
298373374
298257168
298217613
298184595
298073452
297955434
297727223
297683023
297616502
297302848
296983806
296941241
296918934
296918919
296876499
296836897
296792391
296751436
296666184
296636460
296531267
296512652
296329562
296276370
296246827
295927125
295889483
295682926
295594422
295518166
295419988
295141101
295119957
295070347
295066994
294990111
294952809
294832143
294807054
294769000
294626831
294606118
294492152
294470119
294348654
294234060
294168267
293893194
293859386
293842893
293774766
293695105
293606664
293534298
293465282
293409647
293316180
293173486
293123447
293086491
292957613
292891858
292738536
292663609
292581711
292513785
292496327
292447888
292176644
292153663
292104566
291913994
291904736
291720909
291652956
291332763
291273714
291098819
291081057
291006947
290983380
290343894
290330197
290234370
290112747
289993201
289927262
289927153
289925101
289748795
289721938
289713896
289672859
289646614
289594777
289534411
289408569
289358028
289354624
289345728
289192851
289164100
289158821
288954590
288892334
288810938
288680165
288618903
288417366
288404815
288209770
287986019
287940310
287910134
287901435
287858845
287816260
287764076
287757180
287513866
287450595
287407795
287390352
287148759
286934554
286866397
286746906
286684923
286544345
286482270
286436075
286424890
286411108
286365055
286185873
286115085
285992471
285972320
285689484
285670229
285594053
285581138
285574647
285527513
285509698
285378597
285366221
284994622
284851493
284734646
284636056
284636016
284360897
284286782
284267606
284068399
283996562
283964196
283814419
283637250
283534237
283498649
283367008
283332270
283308198
283239624
283231833
283198371
283147204
283137393
282978023
282907316
282653688
282628907
282251303
282142472
281819936
281661672
281340511
281286183
281285423
281190642
281181469
281067287
281010866
280969471
280969215
280799304
280728488
280696777
280591958
280461076
280193834
280086506
280009564
279968746
279868557
279718521
279716329
279682847
279461401
279235108
279088302
279083167
278609714
278254699
278117333
277955482
277884288
277708610
277598085
277574993
277386439
277302884
277299546
277264768
276906749
276602853
276563928
276440569
276400861
276321021
276292685
276289208
276025207
275950669
275601897
275501969
275490011
275487607
275457186
275452441
275340277
275302666
275267250
275144154
275100499
275047582
275044348
274953741
274834642
274832462
274677428
274571578
274344725
274277570
274173742
274027111
273873142
273838819
273664772
273549481
273534032
273433447
273388216
273386469
273297575
273202734
273013129
272937116
272692251
272661354
272574727
272474950
272471508
272463870
272299506
272260065
272212306
272105904
271966839
271338994
270994893
270896017
270654009
270564178
270078395
270070005
270061914
269950015
269369403
269272680
269260347
269173840
269156667
269097602
269058666
269017676
268921527
268874919
268641915
268357100
268263122
268191315
267878303
267516604
267512081
267369178
267174391
266994084
266957867
266940434
266919226
266782238
266591112
266516049
266175366
266147119
266101894
266085313
265790564
265748051
265632905
264940729
264932430
264867367
264797000
264791953
264765924
264692313
264638583
264593922
264538049
264444826
264371277
264319386
264259542
264195790
264097358
263971020
263562340
263356439
263310125
263257123
263178066
263045084
262917036
262777668
262766064
262584725
262562913
262477919
262436698
262075196
262047479
262041093
262021295
261968052
261955064
261860034
261821785
261729604
261371835
261362194
261322756
261273477
261119553
261008910
260560723
260501940
260482456
260356992
260122771
260048154
259878847
259869475
259819565
259706671
259591068
259258477
259082322
258900239
258791726
258404464
258377904
258233360
258222809
258065316
257982824
257945735
257936291
257897262
257834500
257741073
257708699
257607579
257402376
257275946
257244284
257185321
257095444
257094733
257058223
256985932
256960180
256954129
256649912
256588763
256526402
256255611
256182610
256044870
255899201
255822354
255418603
255271415
255254160
255159412
255105749
255046489
254664569
254602575
254593574
254478457
254425826
254351218
254254080
253996734
253900291
253836160
253789467
253712050
253609519
253578700
253329278
252982225
252573357
252422949
252310963
252308878
251882475
251729201
251676057
251614387
251349285
251031478
251009422
250969533
250944132
250742815
250710506
250669196
250611757
250484906
250456325
249917980
249714787
249467459
249356634
249327020
249276915
248730673
248637384
248442776
248423322
248169017
248020390
248007348
247966534
247766902
247725618
247670719
247658522
247550956
247527495
247416090
247277720
247022873
246927478
246871911
246868072
246722061
246685712
246612931
246431337
246224410
246191631
245781624
245638856
245446493
245432061
245185853
245115950
244814975
244651719
244423740
244397720
244322254
244202544
244169422
244137752
244117940
244047942
244011934
243742844
243671129
243454920
243395180
243395161
243329529
243202360
242962113
242887831
242651345
242572660
242434667
242424474
242202492
242136767
242086430
242062117
241794269
241785345
241752662
241708632
241619997
241502037
241248004
241225355
241174155
240982714
240940101
240840546
240578619
240454155
240449167
240356300
240338691
240016544
239947308
239863053
239712897
239561841
239545825
239406941
239122317
238982428
238865562
238807524
238778144
238401443
238249757
238212140
238090347
237947857
237830159
237764236
237758641
237536212
237301888
237267204
237255102
236527753
236408230
236227842
236062343
235974996
235541694
235495947
235338946
235255793
235240344
235237543
234935812
234709584
234180333
233834270
233793216
233545664
233289069
233255741
233100301
233041694
232861919
232712250
232526653
232487674
232475505
232468578
232409085
232341742
232290934
232121847
232088917
231596530
231370115
231329859
231273020
230960463
230724906
230649480
230512663
230482663
230260722
230245587
230235108
230059982
229983743
229887784
229810069
229716869
229716563
229642976
229541483
229513243
229454216
229371720
229146081
229142835
229112858
228838484
228719186
228691204
228625415
228563231
228477228
228025896
227906616
227880782
227797389
227612072
227324393
227114977
227052407
226894973
226871309
226847699
226731738
226704082
226502266
226043645
226015404
225646789
225556945
225458999
225242386
224990468
224903415
224760792
224660747
224283005
224244364
224210989
223840776
223697243
223659430
223541637
223467769
223440521
223361449
223163585
223083507
222830212
222810007
222713557
222048371
221939296
221825502
221695209
221532865
221396598
221109159
220967398
220957087
220889236
220737620
220720197
220687507
220652561
220638244
220637600
220554483
220522306
220460432
220284514
220143203
220088396
219865485
219577271
219575274
219228255
219201570
219173230
219003391
218612386
218462592
218427292
218211986
218108622
218061532
218032972
217879792
217744932
217647997
217552540
217494115
217470730
217265259
216934776
216683919
216659282
216373941
216229233
216128075
216002377
215963989
215820079
215765498
215704798
215603368
215534558
215514596
215506100
215276379
215196896
215155494
215010911
214828562
214749389
214663708
214618091
214544208
214445048
214334282
214178456
213588747
213215170
213133118
213026763
212943862
212874069
212831793
212607812
212365145
212213770
212114187
212104464
212071471
211835201
211752209
211592485
211392958
211357794
211327876
211225457
211021215
211010418
210794094
210699794
210370945
210236508
210220252
210163226
210097976
209970616
209824724
209798339
209732761
209690968
209500599
209465202
209459935
209417457
209276697
209078814
208961780
208894508
208818412
208768367
208748254
208634659
208329485
208320228
208214690
208117718
207880105
207169879
207130476
207071736
206863611
206731837
206548760
206535934
206523186
206379512
206220518
206205503
205966099
205846573
205824198
205669649
205635725
205517166
205514389
205468483
205290912
205230626
205030736
204690550
204519869
204432073
204412088
204350811
204232868
204110703
204053882
203879114
203620993
203531232
203251691
203137044
203095146
203085932
202928717
202904797
202900937
202870676
202761058
202687915
202640805
202611096
202519899
202351336
202294890
202145331
202099218
202019670
201909209
201475783
201425324
201342302
200885679
200874358
200762297
200595297
200580436
200458342
200357702
200302372
200301599
200240647
200078577
199964311
199740474
199695159
199424846
199289739
198954284
198917871
198747747
198441643
198174719
198168805
198141358
198046211
198026747
198010395
197962758
197955380
197668812
197649951
197624916
197535169
197483748
197372344
197340082
197202221
196900078
196652817
196502308
196413810
196313834
196233764
196129064
196102455
196020542
195265011
195239477
194888961
194661237
194369265
194039194
193926790
193923051
193913957
193769868
193719058
193694054
193575523
193486307
193431202
193095018
193019706
192698541
192696572
192554758
192292997
192285074
192266043
192252074
192090915
192065176
191476399
191469024
191265115
191170959
191158318
191127627
191079156
191063311
191046230
190986564
190818535
190796325
190670945
190598669
190554991
190443419
190413472
190156332
190137606
190084008
189888779
189832356
189731646
189613164
189466782
189448201
189399492
189372449
189238728
189199481
189164258
189120545
189081963
188539029
188251560
188209451
187995636
187852131
187766243
187279300
187187262
187064094
186879707
186860090
186604968
186565720
186502113
186414008
186342359
186282451
186232225
186126529
185746109
185462590
185449292
185321150
185319990
185206731
185025235
184978250
184660991
184443494
184332199
184262624
184163810
184090936
184009670
183763216
183675051
183553572
183553115
183509673
183477270
183214549
182973421
182712870
182647040
182208244
181973177
181887163
181796779
181572292
181334058
181030120
180956322
180887647
180866030
180833332
180815552
180773905
180465852
180346740
180262885
180228913
180201326
180000694
179734800
179573300
179502055
179334420
179148241
179116348
179086445
179030252
178974425
178963498
178896538
178824810
178666138
178534966
178529783
178440215
178324057
178085083
178047667
177822432
177697224
177362717
176816364
176653453
176610875
176473417
176404862
176350244
176261062
176001650
175964085
175934972
175658938
175561110
175482690
175326281
175161346
175154668
175025192
174876631
174862623
174822406
174663268
174662901
174536874
174532755
174408204
174346768
174333316
174333127
174276802
174112857
173683729
173643487
173502033
173418231
173352584
173220013
173169534
173068163
173050597
172956368
172856496
172597250
172481306
172411486
172321088
172152875
172147955
172076156
172031177
171779924
171752484
171750656
171696145
171490946
171334853
171207869
171165178
171007848
170937045
170726287
170560698
170556011
170486238
169954366
169940753
169779463
169708735
169658341
169380540
169153566
169065803
169006883
168842996
168793689
168786907
168553551
168475266
168220628
168098302
167999046
167848970
167779895
167779872
167677159
167624342
167604840
167576107
167384764
167370175
167305728
167081641
166974053
166879612
166686224
166623008
166435857
166265672
165995686
165706882
165556718
165443936
165123634
164811999
164628158
164534173
164445790
164208532
163590217
163297967
163297065
163283269
163089139
162953028
162793307
162745002
162696189
162318837
162249904
162247088
162180925
161966484
161951663
161725652
161450163
161423447
161312334
161300282
161231946
161172933
161090921
160941927
160827341
160816332
160686690
160631621
160569179
160337243
160315252
160268242
160210073
160191083
160014541
159955081
159684983
159612913
159500203
159478868
159171618
159136777
159078071
159016687
158907556
158894809
158876648
158834319
158755765
158709522
158622555
158603464
158573854
158564973
158359391
158332250
158300478
158225665
158061140
157877522
157863466
157813262
157570106
157434243
157244256
156996675
156930208
156655403
156560591
156524243
156479005
156093423
155887934
155697478
155690942
155644783
155586970
155404919
155354491
155125698
154882737
154821257
154531726
154477407
154357591
154305729
154246516
154162665
153966210
153954987
153779170
153491413
153366146
152973910
152922155
152867780
152859965
152745400
152517247
152298063
152136004
152101283
152086288
151964465
151774723
151601796
151223642
151195736
151151706
151109192
150813967
150752972
150665533
150649170
150572018
150406852
150260025
150218252
149981690
149602762
149596740
149472843
149423415
149414707
149310593
149141244
149078080
148663508
148206901
148150741
147993342
147941007
147858416
147781391
147465064
147270252
147180222
147054003
147005696
146658272
146511383
146433155
146175205
146067082
145543744
145472537
145310064
145012303
144926708
144831688
144831026
144829749
144828280
144637525
144523483
144291734
144054143
144011497
144008329
143813852
143732032
143500322
143465440
143452872
143380139
143283609
143228851
143226260
143203039
143066320
142843063
142817241
142630319
142381085
142156876
141832115
141714421
141707316
141670237
141656628
141465932
141271134
141259065
141042316
140974321
140815186
140780577
140776939
140677542
140638528
140615609
140563790
140537872
140291261
139768769
139719518
139699193
139560367
139542026
139464602
139454295
139402644
139371438
139337900
139305832
139252132
139021804
138938639
138913571
138907032
138840315
138755543
138366385
138314665
138152692
137955314
137777211
137629973
137570156
137542399
137077471
136895465
136835686
136735243
136726977
136606697
136601594
136178929
136074624
136046622
136039684
135853725
135801660
135752569
135376559
135281291
135273389
135173246
135172208
134975723
134936624
134871794
134654074
134524190
134481247
134463200
134394583
134113911
134035416
133768267
133751577
133731749
133539217
133350029
133347501
132973963
132723107
132049839
132002454
131984980
131968898
131967583
131848580
131801675
131685057
131539958
131299095
131161970
131155981
131031909
130958506
130321880
130166876
129954804
129823672
129676833
129601618
129487406
129421638
129247591
129241066
129085003
129060786
128975602
128764070
128680737
128661591
128535846
128525039
128429346
128300306
128296604
128272053
128209390
128208049
128180580
128165780
127269113
127134478
127110994
127068834
126879483
126764172
126681040
126250406
126151567
126117236
125978110
125649494
125467619
125466512
125352502
125097266
125053214
124985423
124693851
124365427
124340330
124266502
124255352
124226783
124060773
123894634
123893188
123859622
123815661
123613454
123548408
123440634
123258642
123198405
123179585
123153612
122624975
122611112
122492829
122460268
122150548
122132230
122073631
121787382
121658192
121602978
121522194
121521147
121439817
121351751
121267177
121052435
120959547
120880365
120594655
120591462
120524673
120477622
120091417
120006715
119691234
119596046
119251576
119114754
119105143
118886554
118742855
118720881
118677732
118446888
118354471
118262251
118228288
118141178
117896176
117834867
117757535
117490625
117208145
117118427
116982094
116948802
116883547
116780176
116106449
116068257
115915456
115823917
115766706
115314345
115109132
114923333
114822620
114727977
114622775
114529076
114447728
114133725
114059344
113651896
113636221
113384195
112719942
112685618
112482423
112452340
112376411
112307810
112275612
112170555
112068755
112007491
111903440
111839394
111720428
111514581
111381370
111296521
110877602
110711056
110422374
110089892
110037108
110016325
110014669
109839333
109826918
109804477
109795326
109744202
109719934
109666367
109505958
109445629
109197587
109152677
109058474
109007248
108910649
108877442
108609316
108460870
108400897
108355486
108316262
108065429
107930941
107751078
107674141
107664529
107480389
107466051
106953671
106806347
106704850
106652763
106402281
106293905
106273580
105979839
105936469
105908725
105831951
105815712
105800518
105585980
105446775
105368174
104852166
104786106
104739047
104661505
104376804
104315017
104173329
103954186
103709836
103167714
102890979
102752909
102752799
102675985
102360715
102199978
102183564
102172264
102113290
102033348
101956215
101775388
101659691
101578971
101556856
101363753
101317883
101271565
101232225
101185200
101145685
101071351
100800864
100607992
100412646
100370475
100299293
100278830
100165076
100112753
100021052
99957199
99822025
99686666
99550556
99443165
99405854
99117731
99086280
99080324
99005578
98898963
98710192
98127992
98053671
98037761
97950185
97833856
97788659
97658256
97582450
97582156
97566078
97327140
97103067
97038630
96949207
96935124
96839209
96757592
96462925
96415535
96340401
96259317
96222555
96146087
96002873
95897062
95857062
95843184
95823208
95739248
95720592
95600633
95543942
95428760
95362045
95351671
95235876
95173399
95050448
94981255
94971191
94743512
94711537
94507789
94488296
94466567
94387671
94378903
94319791
94268923
94021231
93964642
93654869
93612172
93539734
93481565
93475881
93183493
93071980
93044701
92890203
92838209
92810571
92410713
92387366
92331841
92294155
92105731
91937362
91797447
91761066
91744086
91698270
91505290
91345589
91272243
91134750
90756542
90667856
90576481
90568616
90349532
90302989
90139367
90121141
90031076
89720564
89681078
89536661
89515446
89506265
89370145
89249935
89210238
89016742
88907726
88825472
88770725
88391035
88330603
88320740
88202982
88161444
87969406
87957393
87527214
87502759
87501210
87477913
87470955
87450493
87376074
86905981
86869229
86642618
86361013
86313330
86123492
85874377
85832175
85715517
85578943
85444659
85325523
84637545
84484753
84448708
84445070
84297515
84110204
83920501
83814722
83792009
83711427
83424906
83412476
83288729
83288231
83217007
83060216
83047839
82889802
82856194
82735938
82730390
82327675
82281436
82254472
82202395
82112055
82109402
81712440
81520628
81260910
81172382
81098744
81088217
81029253
80852194
80567204
80524512
80230201
80052525
79789589
79664411
79485749
79481934
79422893
79418334
79141205
78867515
78369767
78078042
78003785
77873360
77620401
77513610
77353309
77272729
77227300
76979410
76940083
76857334
76791164
76542783
76449074
76218712
75926218
75698484
75649273
75561143
75507439
75302883
75037702
74983539
74857704
74801463
74795562
74720255
74700850
74543631
74449787
74347810
74145803
74062982
74049386
73927276
73819560
73740967
73542164
73259871
73010158
72983045
72790949
72785566
72714387
72702260
72593599
72506734
72459561
72219823
71701608
71519736
71509248
71225403
71100805
71085598
70973059
70913995
70862975
70799456
70764507
70735931
70713267
70708258
70628285
70541749
70433417
70379179
70043980
69995769
69832433
69714779
69709060
69271416
68959344
68875951
68851240
68817488
68531766
68465223
68314450
68027900
67910829
67849299
67816151
67241958
67032444
66996663
66832218
66402591
66387504
66370880
66212460
66018941
65497175
65474436
65389502
65270717
65241474
65234999
65231708
65231644
65110134
64902071
64760976
64550994
64444007
64410337
64386981
64213013
63857265
63738100
63691943
63685445
63662750
63599384
63445624
63396811
63250739
63221385
63213843
63151589
63112958
63101495
63100581
63030037
63022645
62923449
62614719
62584010
62482938
62462945
62442616
62394469
62267924
62127826
62081242
61739796
61252761
60831569
60610779
60478527
60424576
60267052
60130626
60056648
59959599
59750379
59659518
59616358
59382096
59186753
58981483
58937980
58839409
58831246
58320509
58313377
58256960
58231627
58229947
58181619
58026253
57982022
57963958
57929467
57896033
57668080
57661416
57525295
57507702
57373979
57303400
57215233
57205001
56995981
56865369
56789948
56758573
56711266
56393226
56355798
56128141
56028573
55973642
55369578
55184568
55166093
55042981
54847824
54841947
54560375
54435526
54407424
54071398
53532112
53484826
53376430
53342307
53320499
53234959
53177995
53061491
53022792
52961523
52948566
52906892
52900521
52875734
52726905
52502920
52474618
52465862
52336798
52153879
51840871
51798139
51784522
51650300
51534761
51487753
51460053
51431551
51025569
50898046
50896132
50777440
50547531
50445800
50438085
50358885
50189362
50089466
50010511
49949383
49924388
49848279
49741047
49533696
49513405
49349486
49301757
49276049
49209191
49124910
49086982
48990592
48969313
48840412
48791849
48389112
48283454
48091408
47892977
47877593
47662005
47554143
47481135
47428942
47073275
47042961
47028557
47024061
46975802
46927457
46822451
46662187
46527235
46514025
46285813
46240057
46202591
46086916
46081950
45953813
45580143
45375713
45082318
45015597
44919752
44799270
44700926
44635999
44570972
44433502
44106091
44078682
44068160
44062833
43792701
43745148
42997630
42963368
42913798
42833631
42701764
42608746
42461705
42427698
42365597
42155287
42139796
42098340
41830136
41651682
41551323
41443576
41291932
40601205
40422157
40407659
40165727
40109272
40102696
40074213
39928977
39922945
39888368
39624596
39324568
39314548
39137740
39085419
38851204
38830335
38804625
38778545
38625246
38310771
38298945
38182272
37911871
37259644
37172975
36998159
36976357
36808297
36604655
36553323
36507750
36257935
36170192
36079353
35851811
35830199
35691964
35674797
35579978
35298954
35234578
35084192
35071736
34778738
34700921
34681522
34592767
34361188
34292467
34188792
34031961
33972770
33890103
33887366
33830715
33760035
33637821
33601372
33579713
33541276
33522213
33394362
32734653
32557613
32556745
32328625
32262219
32225232
31775471
31667328
31662502
31609445
31547454
31517290
31251916
31212050
31122503
31084351
31083555
31075419
30931470
30684108
30546790
30133613
30075002
30018530
29939309
29867067
29566285
29268723
28962744
28949792
28592899
28504744
28426017
28318308
28227838
28127442
28123545
27991014
27936097
27826327
27803645
27767683
27637955
27604490
27357896
27239153
27229722
27112804
26989578
26971279
26750491
26732096
26455747
26454018
26393881
26313803
26183090
25912647
25637287
25591112
25506547
25370984
25233340
25079618
25035117
24956838
24863266
24830998
24781525
24776793
24764677
24717234
24619476
24341203
24152179
24115146
24080954
24044898
24015293
23941560
23714688
23596309
23471074
23328683
23191157
23082625
22798322
22767811
22633811
22617058
22524022
22464073
21996204
21994446
21860056
21757227
21389887
21255599
21248380
21195329
21112347
21096848
21090154
21066701
20974892
20843973
20817893
20745827
20262825
20149036
20133619
20086348
20081124
20036411
19971835
19957648
19851730
19813431
19795671
19785511
19111940
18897246
18891290
18850824
18570470
18535996
18316940
18196131
18171450
18130468
17987634
17945681
17886951
17826585
17824835
17789036
17760019
17659038
17419612
17352506
17339043
17274143
17218729
17177232
17003622
16371169
16008193
15854656
15699931
15683790
15489015
15067833
14748354
14450599
14416735
14375021
14334915
14270324
14141996
14123580
13685363
13506797
13489469
13023269
12993086
12878992
12828814
12393196
12369711
12188868
12038160
11727041
11353621
10775226
10751033
10706222
10639702
10571611
10145622
9937707
9872744
9787380
9630725
9465619
9444498
9252320
9241401
9091331
8921505
8855223
8732676
8552292
8446302
8279088
8140314
8065130
7963413
7859634
7735226
7608535
7521901
7381388
7358641
7130244
6849511
6758357
6753171
6741708
6616000
5879606
5855069
5774597
5596837
5579844
5529956
5494974
5477662
5474602
5299018
5206427
5132198
5029480
4964502
4956011
4954905
4929031
4812871
4807317
4798841
4532609
4301445
4129370
4047169
3950355
3922713
3855172
3647800
3577267
3576539
3459092
3402156
3177990
3141627
3045639
3043243
2846870
2806410
2631955
2581218
2513499
2428528
2392237
2342809
2332519
2166521
2152382
2130493
2046175
1991257
1991151
1926651
1911512
1864809
1756132
1594980
1306496
1264543
1033736
908480
805763
779159
355838
284547
192820
191987
176301
108887
101506