407993503
285992471
143500322
639897491
70713267
156560591
523560111
672091681
206731837
128209390
740639318
997859971
984325250
256044870
858295591
160827341
367976176
426715136
330113482
515808748
784804514
831051835
592583110
694243724
698029575
909133756
437573961
251031478
593361807
477248357
33579713
404892204
257607579
456327571
522752438
526920007
189164258
628285424
310303941
475810167
783286800
836199815
263178066
471633341
924161716
207130476
443604337
524559823
735548635
382797216
697329027
374782868
150406852
524800126
138314665
452869884
348891980
722637418
79485749
482573964
22767811
259591068
624112329
389985128
307001619
309622233
249467459
667168811
230245587
275452441
259819565
298386350
264195790
997276461
572415173
588741507
464656787
434657070
597269963
763133606
810220074
680653098
518416429
158755765
318927946
149141244
795342665
753618996
18130468
252573357
276906749
462189418
504822207
112452340
722743646
51460053
492531323
704509097
858562882
893900954
858547756
197535169
389034308
222810007
476473391
749881944
540492635
267512081
417579732
979695698
963409900
158834319
317609088
218108622
677693860
739250674
205514389
285594053
560212027
961130350
201342302
517077769
97833856
339421228
410033188
880571093
94319791
246612931
654257742
980505073
215276379
794211709
243671129
595733439
919210953
327083387
76218712
436429142
541457261
914945264
746408938
942143820
927204651
794418683
840446980
710379711
828101889
920661540
41443576
355207420
198174719
899864388
710617355
202351336
433318872
239122317
959962027
396746382
860379417
345078604
221939296
18891290
646173877
579220980
44433502
489605032
621328846
494517960
190818535
229371720
691849405
609314862
195239477
36976357
492918681
70708258
561603044
164534173
475209491
574073564
667714034
58229947
489904137
315613563
261273477
905657040
745321626
983230246
148206901
234935812
990524379
853738528
91797447
290343894
381002616
95823208
663550455
319965096
455191020
217265259
266591112
53177995
575381447
112307810
46202591
661040362
42913798
489954466
929319509
502942868
640135620
94711537
554513487
173169534
198441643
483569654
8446302
736049404
626873543
64444007
226894973
68851240
752496645
256255611
206523186
911199815
450170109
570424627
275340277
804849361
316889793
496173807
961774698
579113880
867282842
264319386
283147204
673471527
420782142
741187712
575884949
347298072
734249336
591907529
280591958
317430449
282978023
145012303
32328625
833529444
713267044
769887343
467904542
296751436
913134754
713847474
114133725
147005696
254351218
906501454
137570156
280696777
816680987
312478890
606327944
489217811
834655120
257945735
365585180
341107424
632656984
117118427
986974638
149981690
441714497
830552764
430377454
646880854
794831528
292663609
934319049
908676544
326307539
15854656
17419612
69714779
67241958
232468578
911323917
374267042
890155955
813532833
683263836
662325979
95050448
606105338
851086792
345586556
978665280
178974425
977259936
619692783
978951535
244814975
704935867
491521865
46514025
9787380
816745307
974379586
472414114
260482456
437523073
589975390
577517295
610361560
749308270
734405519
909485374
350482931
363221146
244202544
427890246
361727265
338864753
884149434
702898586
430743849
128208049
517895964
134524190
324773486
573033442
202870676
239406941
804663802
356823544
130958506
38830335
480759959
841447058
802001752
83424906
815250104
811161883
321930493
951632127
976087235
28227838
364181207
641309460
808902197
511708188
916825337
469879177
969391556
949431646
860098051
66387504
672128014
424715306
696057731
118886554
638770700
729632416
757371011
307050922
252422949
415023232
685894550
519709112
93539734
99117731
745906313
156093423
376486975
286482270
38310771
709969425
379503525
96839209
411117039
684571057
577727375
893815655
784932948
925666511
882477815
585110626
371445340
614336079
634807242
95173399
757697098
962807245
268641915
306505422
691198491
147858416
235541694
947258131
708981380
551270903
462398099
431711995
810035343
962341757
738887316
540578123
899745368
829971762
289192851
184443494
769377995
353831956
258233360
203095146
256182610
756327360
56128141
93654869
238249757
446240060
911702097
303282313
134975723
417467188
212114187
523020731
167305728
952542230
609179265
794930584
680000996
824826661
733477167
943818054
95235876
304406861
396154842
106806347
951297110
462996404
621072844
555948449
420069965
651587429
294234060
719494376
835379455
108609316
974440827
898852409
484173358
755128015
203531232
828648658
317849736
767099530
18171450
221396598
226847699
856881668
477881546
580210332
410315637
363716965
30684108
562665917
389155599
615024148
293842893
965454822
303159110
859862516
443611062
817452795
326836717
831931513
918705416
435633748
767696706
878842495
746954165
643409493
106953671
956018374
881222089
215506100
228838484
893127214
433945997
324180331
501682560
466361732
51487753
693089162
454544646
22798322
169658341
613856357
873940719
966542971
303171807
419353085
186879707
551484810
338185733
50189362
666842520
246722061
44919752
901820520
395138592
18570470
503493452
611678552
232088917
346354793
8921505
24115146
932899026
379469418
189888779
530091586
675446454
82254472
63250739
957517198
171696145
475689448
294807054
976119356
989985406
426246635
513594713
338088034
957627461
408411168
368776091
359251214
97582156
65497175
645442295
586364044
801019250
423757019
488284153
215820079
837323918
391186278
374477189
84297515
510953760
307388852
419500650
626518404
528298371
993681392
669552777
92410713
441509212
290112747
207169879
299876235
81029253
548430348
772593089
504868716
286115085
939886703
927063724
632468568
147270252
389888120
486017564
664200271
933201913
821735729
21248380
632976140
152517247
312481867
610452433
785087609
96340401
906876664
348498288
142817241
481032423
188539029
432945631
429564285
118228288
588158192
752340226
721339486
651624051
540005869
913139484
859923168
677261067
53484826
982210031
868175198
377058238
659112411
435230640
445628086
394971091
537213489
366868487
72593599
3855172
102752799
429819699
937243043
284068399
858175153
679800860
999069178
250944132
232341742
790769191
859939227
265748051
129085003
73927276
601159682
535692365
757957565
275100499
910865521
95351671
406629039
918566883
704218264
597953627
125352502
324864516
589050603
168842996
449431721
223541637
318218413
48791849
832040948
330906628
454972529
214663708
21860056
17789036
593620629
648361758
617903362
830815263
685513487
144008329
363102685
191079156
597384412
854082663
264593922
722104211
719033172
262021295
404055217
823977835
114059344
181572292
73819560
161172933
315626279
119105143
842904249
334564871
192266043
929620589
152745400
488259284
233545664
510487560
521589637
269017676
272463870
601357804
870596292
210699794
174532755
4129370
749259711
897716635
416856372
66832218
373243492
51025569
965877329
579782101
656609878
100112753
878895262
421067656
450810978
945896769
993802748
39624596
567218488
122492829
875549507
691472984
449827756
251009422
531799795
845909612
510822636
267516604
58026253
994553900
496138137
927926056
555447749
285574647
937500120
813960621
790760593
68027900
958746798
539043699
68875951
19795671
874692878
873161655
51840871
17339043
992982093
490540267
954720815
237301888
522506378
985700573
757373945
624347034
477654434
2392237
998169964
630989506
718186697
338340488
368048430
48389112
155887934
424081664
111903440
769931054
273664772
495339535
701362074
354352721
168220628
915378137
331261803
805763
220284514
209732761
904692490
597474482
920925914
773382151
858748683
932572213
180201326
879894487
333281294
849170079
832994446
891498984
277302884
276025207
618388910
596673904
618522924
107930941
797900544
220088396
373548076
704423823
94021231
323018004
667324717
873178963
161300282
905454981
655594410
795138067
186502113
190084008
871431191
572954334
502447892
806075891
211752209
24341203
980405819
947087774
987165666
497361121
510077229
289158821
501724092
789890063
811021912
428134909
660588420
319830258
285527513
848003575
967188093
864274641
291273714
811311051
888978834
481843023
735741362
441350422
99080324
748516406
440278817
427895312
757640002
692159943
935366268
276602853
611782972
522864860
960736866
611124079
315056977
533244455
61739796
686283377
352407454
852559826
378431697
980686223
996456531
49924388
206535934
37259644
656985579
525364712
479363250
373512280
485253753
185025235
459371328
679204829
350891953
465837649
254254080
150752972
730107792
305846297
783950338
621475780
911707311
107466051
548258589
705589845
618737268
411706558
591335351
813101137
962277187
754363473
865908775
242424474
971202932
984097052
109744202
566800230
110016325
207880105
274173742
873933295
973220419
261008910
998688354
511452692
792789986
888055427
470473639
902550105
654538588
813177814
286684923
204519869
788763614
831323864
253900291
25233340
72714387
375961027
835706526
220554483
663036970
185746109
816075025
342999055
179334420
156996675
773203094
311573471
692634473
91505290
964039414
298217613
667563230
137542399
863554508
898834502
510102507
328769916
530288855
313382005
185449292
232487674
72506734
952246493
11727041
610960169
977937438
134113911
561113565
174333316
660442645
739514468
900335180
938530729
403947212
758670444
966444473
423477281
622515317
906176038
446525024
662896044
332054180
209500599
51650300
595629468
845017368
449559218
659253365
498349010
435849992
778294012
171165178
391587383
664130898
846046743
303780003
612249365
503513678
969544839
783218315
592064359
471564723
402851563
835354933
177362717
859941232
476629611
925107405
692660451
287390352
308537512
259258477
230649480
654280544
850701637
176301
371831544
620263245
127134478
507067830
526890468
257244284
99686666
973132273
68314450
323190104
25079618
112482423
639218329
801550263
583056229
354358973
97327140
176653453
241794269
900883271
637179940
615760654
465758888
622975902
446397986
787569567
171207869
633983693
543476095
27803645
189238728
738606071
921285852
641014487
381246313
108910649
574612643
895111673
770767272
527675260
564224307
581442193
736603152
356169481
792691805
720496998
937723904
447639288
716823771
734752069
90121141
638360029
398156193
983422902
922017702
120006715
853142243
901333921
970262194
822637829
508404946
229454216
959510075
176473417
373015508
464772765
298373374
671192055
602625724
71225403
993406946
832873822
754956462
408758197
105815712
306643864
126764172
272105904
860967899
328040534
268357100
958130793
100412646
683238202
74347810
787152249
724377974
574790352
24863266
422210848
508026946
445321005
170556011
572344101
108887
149423415
149472843
295141101
965036126
946253425
235495947
310909271
998277413
650421802
948358755
769372999
479409146
608105465
134463200
445960126
374710945
375211186
342080475
131161970
373161464
231273020
706625189
938617482
487525723
532588677
62267924
377249496
118446888
660722702
749958897
401139910
812487085
498687675
932488625
200885679
240338691
21255599
980826916
488180937
863634497
284636056
202099218
152867780
34681522
480330344
122624975
238401443
36604655
72785566
567868568
996755595
928940625
913716390
521766168
87376074
139454295
295419988
726059757
875443461
627016882
573408565
562424161
49349486
893514671
703381402
909575428
807439509
137777211
339188456
375827979
292104566
402141659
796511246
871224579
488694231
177822432
426693387
274277570
683015527
654429633
566066601
91698270
699822998
699060543
536174224
237830159
689178495
181887163
912282271
936721455
171007848
820461160
969863813
816598237
352916467
492930007
405868079
945395488
478878582
964215091
92810571
729176274
39888368
647285205
422927759
562703979
481116570
794955772
480893429
471755860
31251916
260048154
581641784
264259542
427777816
872763231
816235886
395416450
344879397
600375705
392326222
610811231
429951630
864505235
443450370
795944970
943412157
770357293
835188141
930050235
943771733
698195962
105831951
826744416
354177239
154477407
731803545
128975602
651483161
439124723
202928717
426481867
523057719
65231708
363864630
388235974
304905185
879605152
866223830
470778175
457572431
714734952
663392198
229112858
95739248
190670945
603741911
603242760
382361587
266085313
152298063
283231833
332696653
293465282
745868699
689983043
625930347
875643865
520927592
290234370
342208147
860018444
939880953
697944504
697564051
934010610
253789467
283367008
759090664
704699210
184163810
86123492
724652492
597656435
967814105
706208079
819727448
873885213
715120284
329118133
302548238
507699408
511055416
403030280
814911712
15683790
227797389
309946516
389888522
574934457
741171724
754705270
687038434
789333543
917302099
958595163
552857175
267878303
245446493
647978749
492697172
319483991
749165788
197340082
428899029
448492788
140563790
991971785
594965634
568668052
58256960
490018947
355856930
453949235
212365145
279968746
673589592
442387583
279235108
272574727
971755175
806081172
310131675
118262251
472260494
112007491
273838819
747487942
520602590
360949367
831288447
959461233
249276915
229541483
710232360
170937045
830257895
83711427
833934650
871853811
422150538
120477622
173220013
408919047
111296521
274571578
333011276
765598336
389470843
585137707
886684767
822883515
308778052
342970821
492398616
944656914
424890094
45082318
780891287
611254606
217744932
915966232
703879255
839960010
343070426
762994416
989260110
391218148
766593442
888380351
305815045
925343185
700956952
425713107
200595297
711143248
127110994
459326658
77873360
995737711
378053058
486601604
676566401
437490889
755052272
738525914
731934465
692095836
493939696
192285074
580706440
522926165
202761058
432471506
576554153
975874868
437498958
284994622
516624506
944337408
757524493
689398240
791576026
528391895
85832175
877332227
905738456
673655751
673377502
256526402
200302372
471094932
814167056
374278082
295119957
678259181
293316180
140974321
423552925
617066341
414465465
774949241
917963625
31609445
287148759
468799327
457877639
262917036
606577002
857225148
377212570
746030678
386756121
838944397
681515127
954698239
355630291
869341840
739983500
783790837
88320740
701487849
364833679
720674983
128429346
944309070
953421212
288810938
889196556
467095321
600559522
991359761
542313547
490050126
403837656
622386904
858061100
756158830
340264420
762338642
85715517
775303831
82281436
844998352
373666927
937871408
349619537
713857134
998517192
26732096
850356764
717108040
618585881
763703241
47073275
688343304
639512459
465679987
442892091
934684099
608144428
143465440
687476060
576606768
459557760
674278775
668658486
193019706
815011249
672033123
405680518
474783206
33830715
828444502
952846626
373991299
414713640
115766706
617919480
989565576
546236048
462860425
302305398
715940239
559183780
871809941
357469809
243202360
959868844
968702272
767823645
305929057
738853248
212104464
777464370
150572018
407959462
460444747
205030736
2046175
704889630
129601618
415476362
976274579
272692251
740118428
172152875
489438194
563087533
248007348
53022792
803334044
242887831
302840380
53532112
885269827
229716869
326745233
448887982
464208530
903401981
755046274
990530471
988336075
899284309
254664569
936327661
969638114
286185873
321323057
421897647
297683023
597332018
475485137
172147955
27112804
765913219
576637850
840478323
496566619
467629934
88161444
220967398
422753117
450946864
158332250
245781624
544329542
397571561
844822105
91345589
20974892
896969993
220737620
930118723
776134460
688542430
330602215
192292997
311622173
319800376
52961523
801235811
725581257
598244953
600795987
72459561
960550197
241174155
301552405
350408995
198917871
345800026
423246502
293606664
422547882
595377153
736847667
452519387
618837235
602626009
5494974
69271416
32262219
106293905
351953188
825707764
289721938
837028170
829057556
255254160
597436548
572603332
743751762
133751577
970299767
750181385
877156003
842441764
324631077
957304854
823414864
82109402
565787502
215196896
212943862
437967490
173352584
844344423
476806917
174662901
665592852
102183564
380055968
621851539
702340776
928018759
183675051
752004113
525825383
962180945
388800009
833851910
466800561
183214549
610728630
961855639
799319729
53342307
898962584
141259065
50010511
453665056
563352448
640273744
272299506
914341222
180887647
180815552
520340178
125466512
810054788
690189703
527873540
922489000
941456343
606958464
603026098
695106499
664793432
786955440
120594655
496028096
498855559
711210459
668519472
174276802
159500203
28426017
564984961
409140558
965210103
576002742
808044132
391952456
833012173
248637384
150649170
762482983
745850216
906274264
458554702
49209191
859018499
365591150
380228912
399105306
966747478
324644848
469965483
158894809
6753171
809346886
750114444
495600867
880416904
814149016
675572647
652221586
490938725
121351751
631340374
2152382
131801675
761450416
579826248
675984069
69995769
157570106
313143362
12828814
93964642
834206956
786286062
938896473
665811136
923411706
33890103
694706659
806928137
636335626
936963310
326922678
427011134
759214492
545375212
532703079
610620469
626383310
202294890
17760019
393151117
567500979
775096684
178529783
232290934
751178556
554390061
213215170
945477886
973479833
972618660
46822451
268191315
513649012
451712024
523853873
534766076
136835686
797814300
437230828
179573300
720938082
182647040
512310968
562958375
57373979
181334058
27826327
797729141
232475505
827753790
848260600
946233360
199424846
660217013
893992728
240940101
412387366
622290369
150218252
193923051
247550956
295682926
503819606
497918265
542947209
895665964
996123280
593337737
924074490
219228255
865668629
208961780
497794726
73259871
175025192
649145253
303497217
226043645
585800601
2513499
50777440
134481247
676627815
319535071
662111160
629500765
460069506
682747466
146433155
627999911
340855749
125978110
595312477
159171618
508612252
266940434
968040213
550876912
867453625
686666810
122150548
999213121
94378903
790961909
648058592
247658522
58937980
102172264
859068155
423517167
879304221
31547454
889946804
425521473
672884798
463452577
391721752
387410716
775349546
205966099
264940729
900981702
931501325
644157561
191127627
826783494
793435909
772507916
44570972
350384796
564873373
669973330
254593574
179086445
780234406
36170192
989574522
845014063
375723718
172856496
5132198
983438353
27604490
199695159
524504220
60478527
943764134
294832143
999610748
42997630
892793878
784515171
594566730
352766321
292738536
267369178
221109159
123440634
729420183
237267204
623608787
969767371
920002680
849919260
772876536
736889883
40407659
591100144
755849666
208768367
54847824
940497911
980746624
226015404
162247088
414669217
829275460
613489643
686590394
798836653
907442891
582425124
822104921
836914801
914802074
963848872
93612172
871452806
18316940
986480110
988281148
779849753
257058223
663927600
159078071
611716145
336687348
59959599
646898893
735079835
942748554
262477919
204053882
481942004
17826585
458811093
514366673
147781391
991472063
486746656
927928283
188251560
940498346
799371728
140638528
897350430
888892181
435531743
537297128
18850824
93183493
437668204
815472232
35298954
794598977
504235467
540321119
125467619
670687045
783164545
793284620
698653989
861569162
54560375
508118007
678964552
732895102
269058666
472993049
521023246
590270124
974350346
361170122
121522194
538558044
358145103
62462945
697274985
719300263
974216052
450890403
587624384
222830212
464491538
897870275
812908573
25912647
511626872
641299806
322315454
96222555
20262825
621030962
357988456
761355001
190796325
85874377
560723074
157434243
220638244
233041694
190156332
793250527
332744425
286746906
211835201
639714576
435623045
957328180
405157943
287764076
64902071
942426112
506459975
102752909
104739047
38851204
766773108
594390101
150813967
923488350
126879483
667883134
415692541
610182067
347382091
354992248
522834570
867059403
129823672
834058215
971540002
335355002
8279088
459941479
960306159
389557360
422701865
514888968
601881168
885685155
524302105
21996204
923212919
923960714
266919226
802264564
273386469
499362649
405208288
77272729
414987011
216373941
310308574
81520628
862465152
121602978
46975802
411116141
14334915
909597135
335413964
728245024
133350029
181973177
558830791
819055441
653754858
396357686
185321150
704341029
88825472
116883547
473280844
388365770
493037036
911215608
593531244
219575274
722198319
44078682
244169422
907565105
513806818
412702102
551038513
877477447
453968842
431861990
622342811
448660198
747724150
596270332
116068257
47662005
658027814
943992033
955585073
505193161
378343661
774397221
77513610
170560698
980223275
366127781
399548447
124365427
619269348
85578943
289594777
279716329
288209770
241752662
567505702
214749389
410253600
228477228
893850592
485301420
253712050
428547290
108065429
448939597
163283269
864379743
157863466
366712753
172597250
575513860
896823354
139560367
813763895
489329463
947898012
422918680
475938148
655355376
317209391
332221663
530337061
312089715
932215933
40422157
102033348
74795562
356707667
997851993
957429892
83412476
613452985
21066701
746513320
215704798
559755183
217647997
948170161
922733723
545556312
257834500
131539958
364583223
183509673
697828076
866080640
134394583
859558013
790441973
858725328
396829316
939722226
139337900
187279300
315825852
352144192
442858342
143066320
352506255
131299095
289646614
669650669
211021215
458392511
131984980
20133619
713645538
790364527
511136382
790047610
81712440
667388788
642592695
424177794
244322254
289534411
464530493
136606697
693075055
334823913
342109541
549521562
641950557
473653825
810072933
387638434
17177232
427318913
89249935
955284246
347805718
226502266
156655403
90031076
123548408
504699181
348078875
839210617
937708128
450041839
830437882
444224662
993739700
869358147
421420688
503736246
279682847
546345048
294470119
47554143
242572660
108877442
578466951
218061532
929658961
364476601
779678930
915248131
765458848
694162508
926963045
760661858
379366310
871880867
809958064
70628285
109666367
432206607
427804400
258222809
762510129
82327675
82889802
198747747
496088079
491071848
705658164
382345100
601583966
625457370
210220252
612542221
337733185
737746688
115314345
155690942
296983806
615629150
228625415
323933541
262584725
919638234
178534966
679474638
863356864
523186257
938856906
859307520
623980630
571989783
735384873
144829749
708000157
895615482
658773539
56789948
490924841
518455999
650537468
444894795
604575947
431903734
417678181
630800476
445515000
218462592
711106650
980874822
439912470
740599918
150665533
877565307
843353829
94268923
418268218
731913130
914587037
101556856
795743561
538786478
86905981
144637525
802596212
46527235
214445048
806916368
89681078
972844206
604414271
183553115
465547171
317882342
255822354
260122771
44106091
400252859
401934778
460416456
296276370
594721339
556734843
788429584
493206206
228025896
39928977
727052735
169708735
415651490
280461076
440486195
247022873
482393753
959182178
636296457
365402869
707454504
249714787
675583564
548771994
609360454
146175205
94488296
479600506
487265046
277264768
707707145
129954804
955513548
592053173
641987450
817940119
603339883
601215756
277299546
907312407
5474602
736568649
986110836
332097886
20817893
112068755
959787760
981575881
738993531
468896984
465225842
606821372
553795466
784695146
781611072
909929643
99550556
729540231
562717729
557383480
634247827
628764923
223659430
383657245
358297109
784721689
389245732
310335535
610211093
919987792
731694495
575235059
387813166
345810508
972084801
250669196
52906892
600198143
306652924
894163170
338536926
304440406
93475881
867453619
168793689
176404862
677471710
551760170
198168805
651269972
731062795
105585980
301626667
582538028
889096504
644526096
891856686
986618748
189731646
230260722
688528910
621054845
995953197
22633811
14123580
296531267
153491413
140815186
931856974
665130661
938434116
867503643
823239867
175154668
796202060
75926218
656856804
713803113
929856792
70541749
622037038
42608746
397816012
794408059
894174445
734436297
74720255
463405241
39324568
893124629
971601031
42461705
585071125
763946081
304001118
973392902
963702885
224283005
522429976
945287305
512369227
163089139
141465932
128525039
685333752
381399549
212071471
761165848
997699271
544920539
500130986
991202081
639935833
860402522
905010205
968667616
47892977
262562913
584241989
232121847
835110731
80567204
507524224
358161538
194888961
740424572
514646558
419390684
884823056
725204382
13023269
312755487
197372344
707897795
72702260
206863611
332473397
67910829
996584643
765699930
686928318
898726140
926735901
491468383
745593590
190137606
321885925
646498199
588364531
379055542
382763883
955532570
860705950
879696219
385619025
695729387
741090027
681578066
573352284
138913571
307092273
430509825
86642618
217879792
746456225
366309536
504735646
43792701
121267177
634528511
223361449
99086280
759331900
313739158
209465202
814519614
174112857
268921527
28592899
399946848
958985463
776584320
162953028
96462925
880170837
36079353
174333127
976809939
410750977
123894634
411595339
662308648
981065548
294626831
877712761
745769022
470509261
473741927
748471855
896218984
550543313
223467769
644488229
286866397
713551193
190554991
576471375
14141996
643930431
827333887
343072101
285581138
375189001
438754153
105800518
209417457
64550994
721041486
714480443
364273173
658809923
853098366
76940083
409076398
376897970
819608091
193926790
632407043
406976078
80052525
802275645
779159
562323216
883624356
149078080
144831688
985025712
502849701
248442776
250484906
351734029
84445070
83288231
844883100
440763618
5299018
801633750
533942766
917679331
354646454
290330197
46285813
969139594
557450252
931294750
464719664
240016544
885861205
579431845
818388005
587844863
203620993
929165611
994807340
459771019
458813499
793553414
468487871
19813431
937337234
831398399
41830136
592160555
9241401
373672353
575842242
431067696
714751366
682272632
978786531
490173475
743060214
401893427
105936469
104173329
842512128
484867106
785084627
517084656
5477662
970244350
505096788
931446298
349015252
889142462
99822025
916207326
959595981
376763947
238982428
686242580
4956011
65389502
2332519
282907316
106652763
221532865
409683637
9465619
5029480
512700667
987287178
436863337
951238277
823360056
801065337
345918692
958647298
93044701
896417938
625573640
760702247
164445790
305165798
735073018
903728185
359601819
853206200
713686084
425915772
483456315
511964027
56758573
60831569
832497931
864648351
253578700
852226019
95857062
757849482
214334282
82730390
131968898
340560376
838759372
454311144
152086288
832859337
374954517
874087510
738893972
554958279
877024969
68959344
889983195
107664529
210794094
418758731
307210240
516413790
62127826
374512684
172321088
900062309
816114394
191469024
117757535
479902800
875884369
262766064
211010418
76857334
911636744
522887372
27357896
55184568
867461128
739785475
544943296
725670531
756747009
161450163
943719128
939088303
17218729
460923686
246431337
199964311
402742173
189399492
185206731
724212833
862888684
391621232
301200760
364067437
685509774
25035117
631727312
747739958
849166159
918487549
508981171
828345374
832366581
854334471
554454866
261955064
820507302
832046365
179148241
846825526
404665899
299812257
683837310
602707576
605622803
343595181
300668994
645117917
913289094
701539539
778824837
163297065
610159392
599464829
26313803
632701545
205230626
231370115
789908074
546237282
751706271
909155713
951096426
852984352
114727977
818876864
165443936
324630267
843689704
979265803
522871083
178666138
743345995
451368268
633200336
550371587
280086506
46662187
510332252
718183182
836304216
683200538
180346740
566338009
222048371
352166148
524136796
668215139
409620968
161312334
53376430
479653281
572076259
564840821
700497260
306974465
38182272
671979148
416516498
565880848
184009670
967124111
701256880
839173071
270896017
382082595
802635198
544623513
321619279
227880782
49276049
517624774
201425324
490968101
405001753
464290118
617733015
208748254
332566016
899580904
232409085
705249950
746173334
616167798
291904736
781731809
537578771
433164943
666734218
544694420
163590217
562637781
612759486
945095143
855380367
805747750
926664730
936305728
29566285
264638583
149602762
139371438
640509655
859011907
372022196
191158318
911937269
354874387
535567750
886946288
509993817
694185510
269173840
277574993
941805893
939310811
680042063
209690968
890368279
756499278
365208002
7130244
381742329
395022022
696320649
511145277
608111054
77227300
349333267
630302507
939344743
608891168
769958758
521197465
760548526
344090576
568485443
975988036
151151706
598988929
242434667
146658272
817951532
700714518
434143053
950649365
919836376
741575340
810264222
489301531
894129192
669358952
125649494
186342359
411846453
644420055
670456081
585471515
591402291
949746332
72219823
726166662
971446086
661906240
963017989
42139796
455853325
637533763
766967157
282653688
424265325
981705681
614529936
601187316
796786213
872191650
348238598
688624152
694677429
448520785
9091331
672845632
224903415
351704343
417748897
655038501
69709060
516437643
366114389
64213013
934884104
841531726
193913957
872649889
289927153
434833753
531772978
951605470
165995686
550782712
611013182
79422893
534789625
120524673
513202971
857534429
131685057
304016383
752071835
117208145
446061458
457931858
290983380
898824430
403939832
388082875
528734568
47481135
674546392
846274013
78078042
707166000
550833520
214828562
949847246
885607502
378283091
807656017
904683718
155586970
63022645
154821257
237255102
569441612
960560868
408730643
906682043
600774274
251676057
2631955
55369578
967641348
173683729
664653480
398864092
500746275
771287505
776985538
250710506
727224956
621126985
679670969
321906073
334750706
836402019
753710747
296918934
292176644
220687507
453042516
434290177
861740548
183763216
534883891
109719934
920214191
357707144
151109192
980536690
439743948
269097602
998795809
589008490
343712031
75507439
961546849
979510428
110422374
282628907
659663544
707720425
841826756
823364057
814874420
853838098
651923075
975395676
162180925
704021148
328980191
875568920
499161121
878308160
57215233
327250933
536627168
933923767
503703990
47042961
123198405
51798139
320736791
99957199
530118508
81172382
956957564
182973421
867755798
309441055
314828817
382995061
472619693
778243828
611820658
236408230
970239898
341756836
264932430
459310314
647244341
263045084
595117163
280969215
109058474
586438272
672838381
158622555
399035456
720458436
154305729
828178518
519784883
566674875
844040411
911069131
605095309
262075196
173050597
245432061
45953813
96935124
950739098
871342515
35234578
755847820
584484262
970649393
158709522
939995609
979151336
985755928
195265011
464719643
919038831
892412155
525907109
518467238
202687915
338790848
411400295
472189549
273433447
676216769
428458920
661112802
101578971
75649273
483999558
482449166
104376804
330808952
38778545
326790021
718850705
373432476
299390680
375372035
399609709
102360715
10775226
141832115
844360941
692553713
395275416
575092244
356239110
573647491
129060786
845228148
921910150
436246471
342216287
833969226
864822280
42098340
639454028
903948203
57963958
296636460
502262923
128764070
204690550
110877602
352703829
173502033
305745448
63213843
908847345
176610875
610394080
497216449
23328683
942673214
42833631
633283947
391012553
81260910
478110590
95897062
907792417
151774723
530794700
362545192
739112349
132723107
323799174
473766599
932693374
339813891
833937616
240449167
873232186
966747310
969149678
408503958
636691759
670320341
858801936
691728557
61252761
567126887
322255101
411042033
469962130
490452111
398645189
392343934
509296849
773389766
974754915
31122503
770351241
411416201
418699957
103167714
734686908
463757409
703441049
387861642
123153612
974048768
121787382
792597595
879220274
971099397
211392958
977444065
285509698
534098519
417361786
720062511
875309026
484076329
201909209
516073968
28127442
445003215
817139757
245115950
204110703
1594980
84110204
499029920
430357390
73542164
636334221
167779872
355528896
164208532
59750379
536722764
162793307
410795030
190413472
930577736
453461356
858238882
58831246
634852730
996918563
275302666
332207012
91272243
491279325
199740474
606809618
781001034
537020356
266994084
130166876
81088217
66996663
563064253
727444258
912127566
383889844
871314132
612422234
35691964
576426868
140291261
870011990
782291367
636457234
226731738
762628128
20745827
577003253
127068834
879788191
821550097
201475783
771395399
702522434
683832014
727097119
747174239
579723441
573896975
354508425
978695887
4807317
139305832
21090154
685725572
929448037
248730673
568357813
862861810
470918111
134871794
588635741
687030814
483206416
876559668
35851811
866575952
877891863
922799061
849462766
204232868
838981959
70043980
533614836
398709495
474595333
159612913
191170959
808747067
34292467
568647205
169153566
546148102
787426461
359444732
298902128
391136446
398074646
274953741
275267250
909293694
808603920
647433675
560515258
428777733
154357591
752874975
920633348
416996515
827481814
5879606
407499993
956325349
340581717
45580143
800969538
3922713
445474335
913920816
718767996
891193993
457818209
633777251
257741073
220143203
168098302
72983045
997964109
688810876
544840857
617209913
170726287
538320649
218032972
976717094
792435700
18535996
241248004
925185855
938237787
836924598
704791217
849090696
50445800
653464392
408541725
476218101
590392240
890623192
946934474
152973910
105446775
713013306
91134750
288618903
453591467
669215123
628537014
888989640
95362045
890217641
962216957
930433345
483361583
970444726
300015336
183477270
638848444
825377952
877994650
172031177
615911379
463421683
730900234
563976074
334613676
843650979
83217007
950477278
251882475
133539217
992955450
197202221
97038630
970116483
757070051
497913941
552869787
826761444
329295286
248020390
581914898
987417342
998207151
302745036
517029872
126681040
472863040
44068160
700436035
129421638
395390341
341766766
118354471
49949383
132049839
877807117
816695961
109152677
161966484
159136777
752909307
97582450
90576481
269260347
746208840
138152692
399750677
397509231
423540301
733508594
661149806
494871769
256960180
325886261
919231476
355232042
726602455
923335301
359587096
797942873
388685698
511206067
172076156
111720428
699772191
139719518
242086430
871528682
187064094
764618000
109007248
90568616
691185634
562939029
247766902
516734413
213588747
935639407
392522773
990332135
826592252
900193570
954723563
450722444
158300478
299490861
112376411
604908232
923102274
152101283
631837872
465753384
232861919
877691926
347145979
57661416
930895577
113651896
901769110
969434551
644487136
902027790
240578619
620707062
282142472
611118834
432999592
359518256
659516334
993267234
166879612
936194017
748183017
215514596
810083004
72790949
3402156
872824609
115109132
613428083
189832356
583294284
646489159
322336291
508603971
42963368
422395516
89016742
50896132
202019670
364121756
516762037
449957138
355367856
928581657
210097976
353042341
510998523
19971835
700532279
326621488
696365327
63151589
372074976
121658192
562533159
104786106
244137752
31775471
884229566
380104541
37911871
621219172
560792903
820703390
937185772
968213268
959540279
613547561
832237539
595203811
746639664
675183423
21195329
404073448
458311608
486347525
740784780
738494274
144523483
590730816
573454671
876506967
884483839
516062295
661091077
958356050
984681766
254478457
203879114
288680165
289925101
538474580
364563732
261119553
427000473
14375021
538647345
317271514
435884188
711225979
296792391
128180580
60267052
743864720
863887152
743346490
688801050
898761694
12369711
562034778
444303357
343961912
3045639
694595503
483733519
57205001
719837297
914955391
399508262
441320240
615011010
372631170
358496306
737290859
620571191
701653244
554992351
565540031
51784522
257094733
351103532
275044348
978561331
699594360
737589521
613952288
273549481
817680753
128165780
432046907
272474950
358397372
388244429
769105091
499470383
301146874
244651719
765770369
9252320
155644783
529643813
947914909
332188394
275487607
906417676
210370945
911722575
212213770
605492138
174663268
58320509
247670719
569184615
225646789
196233764
10639702
88330603
102199978
939164084
386171304
561086916
124226783
439422145
521564789
970974232
783629999
743402691
579261109
138938639
390809072
208117718
870615833
794962595
506169081
852889632
319243236
804782972
683869114
589583577
54407424
215534558
592015341
44062833
818549696
280193834
381499776
437277097
257708699
292957613
168475266
63030037
736098348
99443165
926889152
292513785
742546018
326233247
153366146
574558588
998082579
135376559
294492152
27637955
169006883
306686740
588764497
292891858
884278157
384744341
408833897
204432073
688851354
839709790
377726444
846506823
32225232
571498746
205468483
603322251
475642933
822602887
758190112
212831793
197955380
309549789
976384468
314489836
913356893
385280893
416749491
591781282
643869217
697293839
743631794
18897246
523536078
721126001
730009513
946087778
850899403
720069251
800631819
121439817
724008830
1306496
14416735
75561143
281181469
26971279
122073631
458897913
881469724
981570055
253609519
633720798
783817458
886847608
193694054
666435643
6616000
600045850
358694596
48840412
592339556
208214690
368216947
990460923
335091390
882055806
109505958
839577342
527265383
746261893
78369767
303405302
286365055
637486342
321978460
768988527
482977652
706097896
540165706
18196131
109197587
298977075
974818872
63101495
389509671
32557613
596613462
594468144
357864747
220889236
731984007
564901651
757647879
343513680
802625199
36808297
65270717
95543942
299922698
638120638
145310064
813316494
102113290
906948009
68531766
171750656
322910627
200357702
714902714
496079120
741671441
668132271
189613164
741299663
857756501
259706671
129247591
883097679
922634268
235255793
617623072
274344725
670082048
557192115
637056841
546454266
472434830
674378287
542754430
796862551
672448684
75037702
876891264
603525483
836524708
734713513
6741708
304307648
985886015
171779924
107674141
827360844
489875319
759020564
149414707
462815133
241225355
891694769
296329562
735602553
943966578
754888781
146511383
619094766
479940357
226704082
538461866
761139335
160816332
359659647
177697224
922143784
847435792
419144296
553934193
843287529
831445984
154162665
531504400
854967181
956878542
882074997
394541510
416632705
994070526
65474436
230960463
997344134
205635725
205846573
450562820
960519897
759389154
276289208
57668080
641702384
622261940
829956385
958860186
428084954
337082566
180465852
26183090
111514581
133347501
673469553
929012537
802329738
850095753
605174972
794453422
954078094
889665693
608618198
720297539
511758079
609624070
250742815
781284766
747077708
861691181
676066828
424570837
263562340
721511775
26750491
151964465
944966391
230235108
886540648
424865189
255105749
152859965
604496530
192090915
576435005
314228737
667114703
160014541
497279499
865215024
704781642
303369250
229513243
253996734
174862623
24776793
39314548
857143009
428181778
461703871
590524801
747930013
367497294
160569179
574481390
818526359
167779895
169065803
397497993
49741047
560089360
486138050
209970616
334029579
10145622
739242588
159684983
559208215
3577267
340715291
586331732
558611117
922427661
483831516
809744463
408479558
605790015
455444419
922311470
453737531
4047169
283332270
418202558
472727919
823458017
390460404
454478638
30133613
612451887
373417100
391618452
208634659
70379179
575206164
670568071
527342456
879616229
929869880
994716724
46240057
358861443
236062343
79418334
979957300
169940753
294348654
595296711
516495541
186282451
531752770
585141700
645186374
142156876
112170555
831811686
394211465
569515466
228719186
228691204
784735031
861288662
984662776
362025627
870164191
118720881
330830784
663445030
154882737
489093006
293695105
587283869
170486238
998726309
864264940
453237091
530388095
922648941
369324805
65234999
832632839
206220518
128300306
738153478
116982094
625709307
472725593
309714274
536775914
240982714
132002454
891282734
480242157
270061914
560499304
416719781
912040791
510093532
562878733
275490011
487283133
690042481
978376505
306291231
487230399
139768769
272212306
57929467
235240344
59382096
865039067
745764776
669789880
627907718
296876499
968371882
372298413
981765679
485534607
79141205
893289921
263310125
746792281
477015078
268874919
958357637
903147056
632409361
887465361
613370074
819851218
968176915
817741643
581995624
618556149
368841603
894128605
889883618
292581711
332710720
824288266
495467381
846443643
644879510
345507123
525072194
283239624
576893444
255159412
940679003
336668888
812965882
978809357
179030252
841029186
33394362
770361675
488276575
730072873
486969531
713884741
261968052
227114977
215010911
430883378
876715680
338346939
278254699
694034263
710794079
784416713
396722457
592372478
223163585
882916072
672419733
453148912
789404155
597905748
602224685
313632997
707189919
638513146
668484130
260560723
264097358
121521147
350283452
239561841
175482690
853203797
325171888
538923573
345953941
346669920
527051965
461722470
766050769
222713557
317879798
905181542
396181531
108355486
999294358
25637287
665485035
311473568
673962330
699754392
398614948
660764810
288892334
870527232
218612386
686258008
887883179
4301445
539397481
284360897
374819404
890017733
198046211
534424527
377132584
603060350
771282532
135853725
732134097
863535837
117834867
396737377
91937362
52502920
611220587
852026316
754294676
547221414
988268138
586042723
140677542
842633596
209078814
557450729
208894508
143732032
299059159
27239153
599343532
126250406
809108751
564724188
158564973
820656557
807745663
511060325
657422243
92294155
646237536
777682811
158876648
563247856
167624342
164811999
615561234
503439554
7358641
484766862
792964654
669111022
515991098
67849299
356589982
118141178
320272310
646263484
273534032
59186753
284267606
853182994
709862993
954698888
548304196
418320867
426543612
57982022
513438907
562476720
537942997
281286183
759018464
24956838
124255352
944866722
373175059
451369540
456486342
292447888
257095444
384692417
197649951
557165394
155354491
550920963
871500641
191987
92890203
255899201
837239520
562739884
293893194
333763372
258404464
514679069
457887854
583796703
936468993
932447323
754749044
652756788
787796221
484116226
294769000
666570814
548820567
870798788
305121208
367234898
617088183
874810785
616995762
996709471
363057142
318570248
143226260
66370880
26455747
476158991
788987408
932551038
770322236
643602863
977251474
1911512
485316803
893217351
523826127
39085419
899036527
136726977
688179256
172956368
97566078
297955434
570873998
202519899
678159995
975709159
105368174
128535846
480769147
428312577
887109165
160686690
270078395
456526249
609084538
889933004
808492443
619039323
187995636
699761822
472537255
938441471
92387366
993870344
171490946
462546221
507624034
806012004
839923705
708976989
336141048
751849795
137955314
990327656
54435526
937696132
520607317
990937397
535081605
547774889
423814380
84448708
418891652
791781629
842391043
589576619
709787643
874505580
7963413
569764865
755726220
604274330
690923198
289358028
901284679
969219908
661975552
875629158
507888166
820449981
703737153
900935448
264867367
196413810
359567871
737478106
383818431
548849027
808362765
24717234
216002377
281819936
136735243
899313941
332459390
868662003
714489258
192698541
311985624
991506705
444003630
763385842
178047667
525340278
608486631
135752569
260356992
432398576
305479586
943420928
765481088
534499793
923825439
431244404
316313631
658304441
482989419
688934158
676556921
203137044
807115843
41291932
918440320
794726190
837768089
515142166
33601372
785452780
861550460
438530174
497650175
467976017
94387671
841057811
136039684
618155672
595144893
473166929
334173864
642783671
473592953
585423336
609230636
432833351
28123545
604648710
508768317
340617269
629244711
700756849
952494660
933012625
612960518
713829022
977551908
28962744
65231644
403131144
376324504
401619606
298526259
373447442
275501969
280799304
244423740
957338952
139699193
480623940
937197893
538093834
749396462
390627489
318053525
765973931
302454760
136601594
653900877
736307506
847254996
663914063
205824198
134654074
312019622
425754657
767781893
295889483
275601897
911234146
986136066
87477913
726899951
590108494
547452491
348396389
167677159
9630725
958547595
775732181
19785511
720927015
925155443
502883855
794291014
412682217
456315946
333741962
633080744
603148549
294990111
864612648
572020622
793578279
20843973
671142628
230724906
444417252
436815338
249356634
87450493
835634959
191476399
285689484
341899244
279868557
297616502
847031988
133768267
640687204
193719058
843498643
703142079
620948846
317566628
237947857
58231627
669127596
216683919
496544039
777588705
70862975
114923333
755041274
307370401
232712250
819767343
852542994
813643843
804994973
453922489
21757227
60130626
258065316
686965343
779237111
96146087
264765924
735065978
671534207
818260391
351923946
197483748
693992106
323543115
671121683
970021440
855802207
692417404
873509677
846420257
564219188
713146170
475927083
45015597
273873142
643841364
24152179
433571962
960205780
796665476
268263122
986281732
492509906
640963014
653142815
569680327
208320228
26393881
349842816
846348938
918045646
417780846
528655153
258900239
837337488
953364594
388474823
972844856
67816151
263356439
255046489
285972320
399924489
963082543
638196842
108316262
811095081
426716008
941121145
796677697
104661505
270564178
143452872
449565457
161231946
924100116
33760035
908214990
741906231
876624774
841513091
613261362
497513448
589233404
747976982
468363014
506757533
447237692
937764715
547775723
105908725
708997156
215155494
667355497
751951043
863429921
578747605
584138136
966067426
634586799
434004832
929706819
311820105
592360220
427626696
777398409
646497086
58313377
781236392
531516829
520267610
3177990
969758652
935361379
184978250
296512652
357380023
846215220
465645999
604236889
454905236
63112958
26454018
525209289
807335591
209824724
500134634
916566503
263257123
239712897
57303400
447713040
826560243
426569560
706947203
21994446
284734646
605272024
900692777
962320874
939402661
505052919
885090279
668069813
721548977
383646680
179116348
748593624
904879506
213026763
646677485
14270324
886867007
824283596
345932156
693605766
898726689
35674797
411124309
250611757
17003622
30075002
881653490
562980072
430526873
40165727
471958883
300444785
904593271
957772587
393301930
875704482
596346762
807788526
57896033
50358885
58839409
757717730
309708483
545210240
423213923
982050662
101071351
243329529
832582028
791944987
819052917
667723411
180833332
361804994
249917980
783014400
270994893
421538611
530921669
905938458
380489455
169380540
323694408
92838209
90349532
894626192
144011497
367980337
15489015
366528477
943723712
871729164
128680737
738528420
141656628
400832666
785445360
685069732
346287376
835083878
476422866
465962524
255271415
166623008
355838
865338544
234709584
102890979
851174251
950156503
998751483
461552079
240454155
196129064
663017568
662451284
983840398
818220605
568795005
487476733
36553323
434810183
790240537
481004599
359628431
673168415
42155287
316031904
368278811
209798339
888886447
474745141
805833358
300124293
657097419
835853643
388369517
293534298
391297125
483439230
684363853
708914762
961379725
33522213
391956553
70973059
211357794
49086982
545851914
879122645
161725652
362719212
665987719
7859634
488152047
272471508
927986046
400848408
441976061
362389987
958343989
2846870
973868344
507485672
988150162
961955341
360500086
988033370
685132605
21112347
281190642
200078577
549694493
28318308
30018530
953145004
564560228
920514680
728431450
210236508
31212050
820312385
396695140
955338726
829884595
90667856
519305830
557197721
423520757
651635375
522560187
763436369
983576105
756620468
618581881
699834255
123815661
519478970
427553913
935377091
23596309
747658536
758141869
517797645
477349516
644067361
171752484
118742855
832293128
992245228
475478585
818797614
774861598
407998738
789770801
44799270
553500829
861038909
235338946
920646206
283534237
593625200
139464602
229142835
672773197
914542173
448759470
941376933
429295952
959694358
578594659
111839394
875375469
901196100
303727436
725761748
325986395
581536701
749571666
313466850
961911282
87527214
864248414
53234959
852056567
532720418
430139872
704052320
611310969
394001851
191265115
923503673
650767549
751077459
43745148
728650208
4954905
252982225
754336906
948572502
100299293
769909812
208329485
833077231
842648239
430330004
768152056
100278830
753122572
264797000
407468682
198141358
22524022
158225665
709774536
468099204
998697771
144291734
555764925
898965426
23941560
412476398
562331131
311161957
517768830
607756458
506070370
822504554
29867067
757993034
875323460
968290507
138755543
404711587
747809382
656145925
169779463
988965304
942971744
3459092
312118116
256954129
655865247
156930208
612874849
746911699
965477319
991568043
612228675
585451818
812180986
376274871
4532609
940331868
263971020
122460268
589586733
240356300
560895555
704353665
402990937
179502055
738102167
996298226
651441706
835947940
35084192
763805042
910250757
339213116
802076851
175326281
674685850
413372383
540001520
60424576
537060531
579029853
70735931
772742229
2130493
273388216
568255684
709730008
693670384
833812049
487215200
474429392
16371169
680210825
684916096
442344558
369924682
296666184
175964085
285670229
229146081
562159989
459664183
481880682
700842322
956453317
137629973
849911069
325606856
856223131
130321880
382236350
346465617
881055456
839270726
101956215
117490625
738343684
743032498
661726035
395399138
19111940
8732676
607706047
669682655
393157893
471110807
757742882
441670083
496429831
414442787
744276686
469140283
325406591
528148900
303699304
448479906
257982824
631617694
40109272
965894383
470847125
451234200
750064287
223697243
581721398
287910134
803392824
412422370
695629142
441130850
855207733
465469095
557082156
835114847
498797086
667498174
167576107
327794073
908480
941966347
778109214
969915680
355651925
516593188
580731895
917044187
382339954
545681521
632952413
119114754
629673519
932167613
664595865
852062842
896709264
681593873
49301757
625438027
526345025
159955081
22464073
869100099
725764324
348212952
804428309
881337116
494120759
962281504
10706222
626626726
701695465
712167101
99405854
967953950
715132644
44635999
203085932
453904345
708699736
190443419
672824100
665171307
521230614
900253381
914475504
243395180
135801660
275457186
658329398
989492396
674614421
521873267
406101798
38298945
641785603
5206427
392556112
625946169
10751033
489593454
730515227
17987634
361793612
637756268
338697021
253836160
29268723
459977528
26989578
284286782
900716451
266957867
174876631
857640368
885569972
63221385
434639954
619262423
541402423
401145012
843312309
756016923
283198371
638537628
826850086
289927262
238778144
883536724
228563231
614136623
696357649
214544208
12038160
2806410
772376812
770841542
455181401
451762347
429810672
422886517
946844801
200240647
275047582
473457524
965301638
531184096
598636415
575503860
523116371
859628157
608572363
663755299
352599744
520786067
74449787
217552540
370691731
740108722
237536212
455646116
435172357
682308092
766888179
436972563
108460870
374468497
354824642
871885666
528629374
277598085
301831979
5774597
637703692
737767523
531919139
224990468
432814095
832573594
307717060
129241066
972006887
929833304
221825502
964506957
625971400
789310180
251729201
738732831
459265650
88907726
879303951
679450894
58981483
437176438
165556718
821742788
594780624
855128841
560657179
524621197
632934495
474396782
259869475
196652817
498964403
551893021
329886016
287407795
510760597
559244817
464590840
414330210
296918919
475768450
110711056
918164304
477007616
96002873
407213882
778676540
101775388
912240028
89210238
283137393
584454106
495411463
827829806
629486660
488875146
934477802
297727223
918726800
585625737
254425826
291081057
761122273
361451984
913369059
936096691
951233979
350108705
813299596
750637076
366254260
756866717
205290912
597781146
341991046
559717168
762678962
629999881
908769511
421271897
725638427
977744610
298073452
671001936
704099097
311706118
86313330
452209784
79664411
714090735
189199481
168553551
483087016
458223449
759879423
421191300
645817640
882138620
124340330
554527569
676183673
266101894
315574214
601930766
992078585
411982037
675879986
542496155
874240181
299364447
391195008
594223012
558467050
730488699
516378694
776507297
12393196
189372449
467904406
223440521
717394698
881312955
365236224
657712871
330103564
304997447
388639429
469355447
616390575
920741747
748602809
484312589
306003974
451904971
401525039
322336493
836922288
208818412
675358450
17659038
294168267
923261300
166265672
52153879
706922907
296941241
405006877
328071351
342946557
516943363
24015293
712622497
685526642
711056610
844764071
570781342
459301887
481537431
353400038
373317447
141042316
928536638
94507789
198954284
724902887
589399457
447588776
696115176
189448201
648124232
21096848
68465223
531728280
116948802
808242862
469417249
135281291
638679874
148663508
991906971
180866030
418125187
429926753
840767456
908900219
379415344
473159285
372706827
493937172
783637414
591637278
458112938
321339187
820734395
958550940
669184538
907698307
713483983
186604968
50438085
589936201
553520075
977975734
598297708
580732723
299268478
160268242
487176960
283996562
725150989
809228422
279088302
654035142
790797272
311678783
612324096
912677898
1264543
639105335
635609404
946407108
611389175
291332763
74983539
498592388
76791164
473473532
112685618
434901038
257897262
752699387
570650798
96415535
444068104
161423447
666245581
399975385
220720197
735873113
817009887
763666395
994430031
599777153
80230201
328786401
408529179
20086348
216934776
404611229
935755039
500213151
853556036
332886229
542196304
255418603
836402945
536041924
625551535
124060773
131155981
923377203
17274143
172481306
20081124
496650005
200874358
533945900
64386981
938424078
63857265
535973991
853410507
272937116
434443934
391945589
897282307
83792009
408889989
753374950
223083507
828068011
769280219
907953978
829216447
147993342
834042383
638500128
136074624
722600014
730077890
969431018
364721398
765072947
534180689
702179511
262047479
607034619
845735192
96259317
878683330
362012071
483215125
445868157
392931653
244397720
595884545
858855982
930031019
384328550
332030608
217494115
433667444
165706882
272661354
788920623
788169785
200458342
137077471
162249904
690473230
173068163
440688487
878536210
241708632
742365576
957505455
811862243
248423322
338966841
246224410
384766969
229887784
289354624
76979410
55973642
343454682
569446809
677140617
439094774
160941927
695317023
83060216
17886951
645438845
760906773
812117480
55042981
57525295
735182557
2428528
352117741
600023577
123859622
668060559
180000694
952219911
846176212
919910796
184660991
546597314
510990723
998972137
824189349
652189609
412253090
248169017
542664000
514153160
724880372
644067704
481243397
901768649
184090936
718354996
304894166
982276970
73010158
279083167
109795326
96949207
851773258
174408204
385799500
606507957
969668058
537028536
568189499
212607812
963514339
140537872
306013071
611868754
457159634
491901764
521316045
970281382
627147024
149596740
647386623
155404919
586965116
244047942
901198089
59616358
491896397
142381085
599365045
890928770
897266928
777744915
810938481
227906616
77620401
482380141
374832032
680760963
113636221
753332533
198026747
755042318
808577144
403920066
352122948
168786907
928747847
644237054
101145685
175161346
254602575
317448369
622826281
988070866
1033736
668279411
797562137
512018894
985816795
287858845
774857722
40102696
802415487
56995981
716464579
438210708
659212681
56865369
469187761
193095018
42701764
66212460
83288729
394458760
823554992
932751154
896291262
114447728
143228851
331763937
672881023
611564296
714762165
365484194
581867122
63685445
426748242
141670237
638639805
25370984
952582103
868906493
313647811
129676833
455712963
598530025
230482663
346904538
467431560
832088118
409003548
861385411
467215696
742650286
119596046
101185200
119691234
242962113
765227661
182208244
934706600
223840776
86361013
611831004
452436725
825385077
763787042
863672972
825381185
293173486
71085598
109826918
167604840
500819260
31517290
134936624
604961345
220652561
33541276
888068771
296836897
750892648
147180222
481612345
546973461
340123842
813463947
286934554
698846285
265790564
153966210
876805854
28504744
635892515
843138479
936357597
427452400
428580826
751107381
214618091
963310585
499323403
851607523
888881882
166435857
802625117
163297967
946544262
849664099
159016687
174346768
891744157
345753398
682897503
212874069
63662750
653912199
725180814
277708610
330650894
75302883
956790014
538796621
754017869
29939309
549933406
882478811
276292685
597677536
734586101
776795579
715089107
804473019
665471464
718225278
681457677
636647647
909383760
269156667
167999046
498087055
587835544
128296604
103709836
114622775
166686224
660912458
606809592
881797094
482942522
27936097
99005578
490726415
596070942
408227643
973541298
549535809
651126660
308823062
707152644
946274061
590839010
390891530
966699306
829568141
405520605
193486307
935373710
755608750
140776939
429994255
776672827
427488016
360970846
710270336
497446658
87470955
196102455
325281709
324417651
845231828
346812117
941014671
966064387
121052435
912970626
888616709
269950015
971776094
780719119
644015476
475546708
879472556
609582249
80852194
748745516
741110225
913482147
340862597
455122154
625827666
997595203
807811290
390792384
996721560
843487667
595564616
666429351
712191075
908254318
261860034
549876463
192554758
519829084
361244486
295070347
432702206
311408107
570426669
178440215
350832710
716754534
987815342
498107721
206379512
954969227
499919408
559349182
369875493
847420623
973279354
80524512
471955422
30546790
871859748
724927326
278117333
878967035
818502966
417337334
5579844
14748354
264371277
825679674
857482632
229716563
293086491
71519736
186414008
591673184
266175366
532676785
186126529
237758641
31075419
530841214
823172878
628483193
202611096
158061140
427683005
274834642
790642378
749926315
243454920
646093421
100607992
488486783
870183525
985827608
124985423
390422617
922884318
404162764
301175326
737175169
538663810
98710192
713065974
571730805
766987508
799353151
319277575
890446648
897903420
314979532
864962302
194661237
680588353
289164100
52875734
671814612
38625246
532632580
31667328
911613601
650431096
913468163
219577271
716898946
141707316
193575523
638317608
178824810
573053202
685175716
849146620
311745783
368953450
84637545
256649912
186860090
376564551
399856998
174822406
257936291
65110134
348724246
567627635
76449074
627853947
390931229
949368426
605760874
83047839
577543457
821822564
242651345
280969471
556647514
301307125
176816364
332320706
476535340
207071736
64410337
704976106
239863053
837374075
395108002
668410660
481717693
288417366
477052862
194039194
296246827
14450599
318821782
539100249
646476243
42427698
295518166
882128390
467273012
912285481
785887393
805180814
925389643
276440569
684773850
988719230
733066226
601436324
582527372
620935505
781114191
34361188
382809567
942968614
979381800
702390485
66402591
9937707
723852664
843701122
269272680
541613244
928299664
839162382
594494710
665745549
162318837
165123634
871914858
984377016
505603150
600296876
520513202
261322756
334936684
301337029
215963989
173643487
871404069
584681173
4929031
829540155
451931417
149310593
895510371
400495157
913686480
660658238
192252074
929108835
346029282
933461377
805897810
756578624
774308998
654910829
279718521
94466567
115823917
690825667
532353049
124693851
293774766
850011274
859230115
59659518
549424066
699694874
830394519
684093524
453643278
336496030
8065130
923010519
596711524
943326914
904731428
17824835
517442446
464856822
816013213
882437507
648164088
359443934
49848279
5855069
266147119
307177137
91744086
530321229
414040008
293123447
602480339
180773905
821678125
971251383
775489637
87957393
283637250
411106864
63445624
434685487
541401079
415508294
430824584
337771215
830971247
936582057
690742002
251349285
600389793
264444826
363409037
906303683
229642976
482860907
298756012
619790400
297302848
214178456
93071980
224760792
57507702
94743512
125053214
677935315
712871714
23082625
818829370
664672386
275144154
991757385
703720452
278609714
583652715
462099241
872302047
746878413
519254045
541012394
879004762
62442616
719659087
488268163
358087630
688522259
526472936
920812462
936270679
986478372
941545349
123613454
653570386
339159431
979343471
551006501
98127992
357844246
511719657
36257935
967836389
180956322
983466140
736132564
880516350
899917663
184262624
361479320
172411486
605948947
591628397
74700850
317178925
376432508
575954354
967731289
335264145
630274874
952628576
88770725
63691943
105979839
654608699
790969680
376581098
561671416
596296370
66018941
569421833
951080541
667444503
664429999
912569254
38804625
81098744
233834270
678296588
464313264
601875828
525056545
510801690
975361254
651576593
231596530
823287344
432512949
417412730
526394777
17352506
298257168
381034891
98037761
860147357
3576539
758609676
380693883
991022005
911707279
375648834
555627579
339915708
829195090
309357252
846808503
724132333
598726770
884849132
548357485
261371835
580190337
684291297
823345728
257185321
41651682
835435958
954917406
769375693
920306975
690613799
498184253
989287882
979456072
900809594
79481934
659865911
145472537
186232225
717244634
653316117
805319180
97788659
209459935
698858567
900146380
274677428
441133859
153779170
476482248
641058598
633816319
544287792
937154608
288954590
866466446
131031909
558771167
310239667
261362194
68817488
738694996
299833560
284851493
863558879
147941007
582485612
362291997
181030120
812655933
791956648
895881073
85325523
692314604
394497818
725852953
834248623
625729414
889772795
480298296
498165745
776998905
738848325
936348966
935359295
580512558
384016966
988790553
780102887
956018396
562694184
904483371
158907556
144828280
635157071
665496720
336965567
289672859
216128075
718305953
289345728
442963762
949273636
786872280
804614063
299139406
767844275
820888364
609829256
161090921
796115133
277955482
309941192
824626556
175658938
720743344
239947308
756444278
47877593
837774136
52336798
539905641
415575547
252308878
197962758
988476765
342423026
825669613
507535168
289713896
48990592
308443370
3950355
574291078
219003391
714360982
883662901
412695056
79789589
866198001
916398499
328019270
139252132
657090651
582104672
488977681
287901435
663192578
323268851
610615082
680771187
507139137
116106449
511961426
502395381
550528918
393098289
418181475
723511786
596616546
648012443
874869285
767540651
857550511
673545406
581150616
196900078
524203754
932529563
70433417
313869286
731129076
436359103
62923449
663547346
979908677
481200001
454150532
506954393
106704850
919362970
757079542
682384714
85444659
865840728
962376037
657284612
734837062
495944355
912010625
553313156
802010832
755011658
785505772
779559453
563149624
731589510
999854014
50547531
503023028
439375225
245185853
95720592
505550313
287816260
52474618
715557188
581644344
126117236
151601796
568933222
311115515
287986019
241619997
813557499
978538948
281010866
988666733
265632905
653443651
651924994
911713113
789872801
250456325
647093600
936608974
420448423
521309103
357405863
483808056
856832413
421493189
838044171
552578080
564356759
599691310
696629036
282251303
435939709
687538869
881261888
683744635
53061491
930755542
67032444
353538818
47028557
862518031
343259700
210163226
292153663
639506648
987530807
694304381
507382480
264692313
729853050
839946367
560951353
736529304
921588877
16008193
231329859
854982815
595367880
668612518
281285423
114529076
332721730
859657440
815133727
982080415
610566549
862704185
120591462
798500315
454495879
666505747
564419693
953416597
636911212
247527495
653304561
62482938
507288518
597958378
930744768
350395167
377381861
928173612
94981255
398729709
242202492
790259498
31662502
357163581
838978501
878517140
120091417
213133118
397849976
330107524
482079298
667050679
327946143
287450595
491660968
135173246
938238316
106402281
354997475
631020112
988340890
243742844
513641301
792989313
670543511
512082042
276321021
428636829
4798841
528847852
23191157
834239403
414425392
916231384
331391073
622112982
739087621
440080368
155697478
804874970
944023293
407099615
923907385
962023297
102675985
942261461
230512663
914399100
104315017
517057199
438464664
1991151
131967583
607515609
893547577
643685082
821267203
118677732
415073291
147465064
570628635
657167732
395458430
306545061
100800864
337045733
241502037
49513405
914407197
397186734
519614717
190986564
827044209
759856411
192065176
929059558
620939183
736428548
510265616
532997078
240840546
178085083
397108296
307119415
413386668
311145467
247966534
44700926
870276503
956821642
698449680
192820
975241606
135172208
48969313
525359195
599121562
961006398
35071736
737042574
62614719
403295569
35579978
724012596
301191762
259082322
447289755
544042190
993985544
605715899
926154279
418758099
589976809
30931470
247277720
364861664
554369903
238212140
607246994
763970212
543292188
692027869
129487406
692270001
407992856
714006631
642702466
791577679
908866915
74049386
284636016
7521901
614412397
107480389
42365597
198010395
938662090
167081641
160191083
831640417
24044898
783290139
834939630
315010511
868108756
354405602
734429413
451179663
143283609
622015292
548695355
308884852
686520967
611635212
107751078
49124910
801955608
591030007
770928188
563387984
745186523
815019413
261729604
500511806
294952809
167370175
559549102
935385062
160315252
252310963
387450487
362153370
483690507
690188908
76542783
511207386
112275612
346064044
246871911
456135361
598823021
229810069
925729603
56711266
286424890
835618052
909543158
87969406
415836482
957151935
998720060
351249547
53320499
608613578
929099475
518684686
264791953
74801463
511551294
716348494
328766717
978893795
837404101
616296247
360625764
392506104
481135430
756640125
516385373
387461603
306192612
984190052
682197183
270654009
513088999
262436698
233793216
632926848
251614387
593946514
569140605
573455245
776282462
764641899
3647800
101271565
862725709
215765498
933805974
114822620
521448680
757294924
687355776
408738187
764023412
469250097
365037804
364427712
536121717
97950185
652625669
773661817
916793276
167848970
649009888
390786713
56393226
644795689
529157836
262777668
157813262
880684279
220637600
798953631
151223642
160337243
852381519
95600633
310424851
459712324
71509248
777491111
956963312
245638856
301463876
910441435
685424722
519023401
976912966
622624063
917546387
842003098
476674645
766820652
131848580
978606297
301099333
781751728
314846709
994144578
910986574
975823419
34031961
70913995
517241016
227324393
519243588
123179585
283964196
89720564
886536590
835426436
325627229
86869229
910980446
844648722
352786292
410296135
462191453
976036328
89536661
136895465
550016446
379409324
295594422
151195736
52900521
792989278
336450065
801967418
669938989
743788879
812039372
347490243
8855223
379364311
934504082
458195050
630689985
235237543
510788165
341997635
914287291
586890824
512679237
394087893
281661672
998681016
196502308
63100581
702345677
160631621
346627698
575737715
1756132
854044815
994589111
142630319
136178929
150260025
610145261
653212775
161951663
110089892
286544345
914639188
984796972
396195330
931275529
6758357
328338924
759930949
242136767
377717676
551348937
838922861
894028349
334881126
585268115
189466782
436320009
685925925
995659820
769808501
194369265
642790219
34188792
216229233
929615505
499282502
12188868
686832946
945117400
191063311
262041093
511062260
362722757
375388753
178324057
913105915
682855778
11353621
779558662
859955472
420685008
220957087
829668360
306733272
626545509
839378435
492491363
146067082
113384195
257402376
949300357
465636563
5596837
773597916
866189176
185462590
196020542
189081963
638433346
242062117
460346062
509541606
331724703
481028304
461053606
384250106
62081242
570777524
498093104
484865324
273202734
87501210
528915582
912751077
947479930
225556945
747171077
735349794
517403860
132973963
727106011
587780674
63396811
629997126
32556745
294606118
680465278
785140840
341825160
906117688
751316433
51534761
322203831
258791726
272260065
425833732
671656439
36507750
98898963
651986480
901720635
13685363
557477552
973830503
636587648
122132230
397678753
371997407
848968132
546608303
492877571
962199278
957093863
489867460
794009181
48283454
361698647
304653975
211225457
301605439
415395925
250969533
827874231
529213804
721547007
357151211
247725618
789094260
410554097
381294470
5529956
338200850
285378597
243395161
665985034
836872340
713580797
567470892
490295820
342816407
440242911
494524575
959194031
663672721
998633211
63599384
224244364
486281228
513830758
945489137
718461591
830807472
340966578
283498649
759684705
904877110
304446730
590739475
256588763
632421737
49533696
387306448
234180333
959914051
395387415
400159798
286436075
390506601
839507224
535655882
767504041
786942781
895041655
332104515
738191567
901388067
899218466
881080157
846111569
292496327
924769865
555512109
904800168
123893188
501260278
261821785
98053671
842412456
488905654
673448647
811461511
924114557
927192398
875434916
196313834
715302879
139542026
873719019
624341301
334674251
227052407
949670979
388755225
124266502
369074054
449536073
698250902
23714688
562562156
574066578
631263858
8552292
40601205
307815911
769986710
947789281
839405885
271338994
484416459
365181353
380271503
7608535
511749639
904383268
523937995
56028573
236527753
930406577
846613755
462954836
111381370
820440874
13506797
136046622
457388189
488743653
476033399
713517116
82735938
903022638
487806511
621894236
139021804
133731749
353122014
399758535
291006947
51431551
17945681
490594706
814214867
417310513
2342809
596355124
48091408
202145331
4964502
721538331
19957648
305876194
300685745
374439500
684480536
978748238
6849511
740047653
138840315
975427207
60056648
561092148
71701608
887809092
280728488
879572838
454380387
309738728
24764677
70764507
164628158
237764236
792209209
357816962
90302989
7381388
100021052
508741269
945814128
273297575
359986037
649294030
946349591
775163579
302385828
54071398
697378774
368598340
463869424
881862368
861908333
233255741
666994564
998910499
178896538
71100805
191046230
322519897
93481565
266516049
285366221
193431202
46927457
253329278
538409308
154246516
593631183
186565720
847432025
269369403
872872394
635631838
709348709
536707373
287940310
989422654
24080954
701431581
115915456
793689156
721567671
971960325
176261062
145543744
434141336
901693300
238807524
157877522
902814692
340454209
857905451
330133475
1991257
134035416
358042067
206548760
247416090
274832462
322145036
300499753
309736114
289993201
787540112
185319990
886436341
519780498
500008591
330111343
117896176
693244928
831672362
445035141
92331841
322316380
82856194
95428760
732272611
331880439
89515446
514396919
451782367
625740478
469885551
514421405
563795279
389720352
875111911
203251691
773065854
820156054
663966998
914855312
2581218
974270211
39922945
798899410
434617785
980789273
716127003
571394687
284547
246685712
725419185
541661243
540439390
514394209
15067833
342735426
441996340
704589196
410134505
620860594
812058618
219173230
379081013
340677765
553604271
120880365
55166093
225458999
218427292
482549177
944356518
944311999
34592767
593881780
302594967
429696061
109804477
790885882
364803560
799975421
615091343
985339386
807956988
613934207
582156113
281340511
276400861
447904111
309026596
507635703
551307978
571427585
984112673
534993261
159478868
815489144
97103067
205669649
791734708
665262612
601285538
647179776
46086916
711521392
791125322
316272429
521010998
871966936
101232225
930121903
200301599
614947307
153954987
416601750
943820160
716329140
238865562
310529295
356366337
270070005
587761581
793546102
31084351
175934972
369922169
452202884
33637821
499384617
192696572
287757180
947057174
20149036
260501940
344974599
529848996
78867515
798338154
649393198
244117940
206205503
516783147
78003785
507664346
370466025
320313523
74145803
396554128
942968057
353469176
532196915
627731477
154531726
991812328
175561110
402083792
879183049
128272053
56355798
726331632
187852131
384138624
785533887
493744815
171334853
754811545
508340524
221695209
834313245
451811071
241785345
661449571
739422732
849461849
817749278
620502611
548894707
918995644
612715534
303616041
249327020
379422868
876270567
377980745
807880505
478021650
378337800
947177038
624236882
308097196
777803790
593038861
701206766
246927478
628768580
508594618
60610779
703670754
586474712
847359021
266782238
362045681
829382335
521535938
776707115
768744918
977130030
73740967
639177519
597829542
811397215
931702764
335587894
716054771
160210073
347793822
736452396
58181619
534824770
917428664
32734653
209276697
571514825
346794853
719780964
264538049
916045593
608320537
918116618
83814722
404594998
472947557
451615222
592942718
605234056
340713176
712927338
477121892
667422286
831068326
211327876
106273580
852172818
974322678
454620456
789361887
288404815
127269113
320711329
917158836
62584010
644262262
565996496
514428497
359263273
193769868
335731964
353412849
141271134
275950669
314241233
931073593
540015422
295066994
723381195
313822413
173418231
182712870
217470730
354028920
857616249
395979514
521302594
713388408
39137740
780848934
407889898
926806919
862637788
826964076
174536874
108400897
600830254
667714196
100165076
885055393
934806153
75698484
718958812
643000693
823590048
852043602
337200652
202900937
346590004
463578496
455726517
410906440
482809762
545444545
694540677
52948566
637581905
648139625
156479005
952710141
952009618
670581232
472259221
807020185
850301055
576551162
448476703
183553572
340264019
291913994
846083453
35830199
540599521
158573854
808108324
97658256
840951449
387171689
385354163
594880695
392321207
721743584
550414655
152136004
588405490
454021631
810816525
591246613
912169436
64760976
52726905
238090347
90139367
556477201
524231641
531275679
27229722
120959547
158603464
987030092
481882496
360282648
359353539
707034821
144926708
900274167
383753980
386371993
772476446
22617058
410526938
417504896
157244256
479841933
631979578
144831026
590589303
832541272
220522306
69832433
802944199
484651881
298184595
753061448
428387300
413162564
939629698
790998852
276563928
101317883
565028169
890054354
1926651
427432195
92105731
617329221
513976452
930768726
754148100
147054003
629232090
167384764
584890462
654445423
258377904
972142252
816239705
277386439
122611112
823524709
880550153
900328294
700344505
34778738
155125698
701730921
892472669
640266488
942986513
353792387
898737534
485587492
347216147
319770236
795471979
424800928
267174391
702624319
197624916
246868072
279461401
23471074
293409647
408969256
45375713
432034593
994896309
21389887
884967158
681613858
915691276
304531149
20036411
615070222
810500419
999141944
835332619
532712222
636252889
218211986
890078050
340459802
986919557
986560489
878505320
226871309
305023414
601308202
548069989
515687374
162745002
312187539
406894567
891343563
639753994
62394469
666304257
110037108
810111201
747229147
464798068
625522495
246191631
866379528
199289739
304666897
570696527
713347154
141714421
364782185
88391035
810674089
440677125
638113212
936732844
315878882
852885135
95843184
362760390
560827902
853442971
418566994
401184050
997412561
9444498
504812748
187766243
766516097
277884288
810462758
855980942
460030553
202640805
727195632
903657688
637966620
886209074
444341328
466747152
781052038
698144622
162696189
90756542
3141627
795918796
541893610
19851730
766680278
699733873
596481755
291098819
219865485
259878847
514118881
522083288
179734800
697811106
798706440
731860755
762366661
591125540
692561351
820786195
236227842
555760675
359167898
964667870
139402644
352505977
74543631
730345541
658780732
460925749
94971191
701905769
336886842
586084120
804552593
13489469
469710115
927508503
665828149
224210989
969411044
657771200
869558393
33972770
63738100
143380139
553383453
961629358
331090635
373036995
643716641
525215677
399957449
394165826
862816827
869381985
972795986
481326094
302312876
672340082
535194013
776280745
220460432
9872744
493214696
955270132
211592485
346491069
630943064
596645119
661531990
578340749
233289069
138366385
413707756
962422691
728178887
550682789
654078873
640965972
858368528
869141546
852680418
657896938
541622006
884005351
204350811
466210778
335970908
204412088
373099108
778372549
293859386
525349305
12878992
987833134
432268575
455239516
563699341
143203039
52465862
87502759
924411465
751823473
635080947
637071214
190598669
714969225
370539942
10571611
360497019
823463824
488697891
847000197
309360688
930139500
913962680
439609483
608334318
846126208
806740254
798382373
369647118
412910902
112719942
411704827
540433473
485655219
369030356
612830271
984900591
103954186
833591877
184332199
550114082
734470327
838618242
741787795
630203392
596857987
327993824
436031914
104852166
597668461
823653560
239545825
140780577
31083555
311893891
577610652
369013368
329374030
970418014
880999837
457627748
607204982
469522674
373710207
772543072
84484753
600846640
548475576
969239588
656435386
882367858
985471007
813725004
202904797
342866358
229983743
444170825
521848350
140615609
82202395
480360921
756917852
274027111
980864168
578972520
83920501
15699931
283308198
817224323
180228913
166974053
926810910
216659282
577142219
785463219
256985932
409105544
12993086
895508856
82112055
125097266
930331030
771349416
823566283
831134987
497556224
176001650
110014669
686311951
89370145
724949239
810815229
863722876
795551717
780009319
336420467
280009564
988234491
538847372
545060710
582432507
378644988
948378346
960273443
798953847
809228094
386899768
811267113
760896855
694168351
741307469
257275946
951783544
101506
88202982
158359391
892279926
219201570
215603368
697417673
135273389
747596536
27991014
883410508
842816956
854465831
832488893
699448802
569285190
188209451
789717936
507296226
849972593
885626675
119251576
723885621
914675249
440109499
412974227
869680712
7735226
525869363
786881710
348658657
27767683
465123343
578991580
627269964
50089466
675122377
722294530
895933103
440208460
992022833
152922155
547232799
816482318
681267981
818495872
332539704
345978661
47024061
936737093
291720909
47428942
351462443
665832509
904543616
941020663
587588375
958263051
375593414
460728381
613296777
717527915
866408276
431451231
746684703
200580436
41551323
24830998
197668812
886094985
427684656
181796779
397124080
148150741
370251000
714006409
996359297
369444443
616489488
527960238
460211361
227612072
109445629
101363753
805619932
589458248
316160570
371780986
89506265
332992683
25591112
793660160
652407979
921962657
883465325
322160038
489576209
891411497
232526653
885540326
707765083
665810806
544256231
355064578
799532813
126151567
728783620
287513866
244011934
345724003
413466615
286411108
748159867
96757592
584837635
36998159
923977394
590544642
696178606
732784189
40074213
949848932
65241474
123258642
748667455
949933615
879011032
801115851
37172975
977145056
8140314
386058590
919396040
415898978
426768412
643452890
962545732
941636903
91761066
822099127
942514049
753109693
558291697
943525273
28949792
200762297
990684596
873514976
614071908
969927598
428772793
235974996
138907032
273013129
315942524
696655881
144054143
621780393
846112372
187187262
707867181
74857704
724488180
807946913
473158803
70799456
482256090
837909764
779840855
874194615
862605995
176350244
866430613
366419962
283814419
960665462
224660747
406774307
189120545
674275230
289408569
54841947
931689358
923662965
435333300
426064871
759336450
24619476
699550305
349075611
425165458
233100301
543803301
46081950
313099360
574474473
24781525
623046783
466386701
2166521
540207614
328159422
907644677
675866938
904040042
325693291
845221174
230059982
470778721
169954366
25506547
941644825
523049076
780887642
562704521
953922306
552988420
545562023
842263168
992242195
746589246
100370475
101659691
833197793
716437045
289748795
399853118
635875055
399611123
925335867
467051254
281067287
663646675
516988425
607697092
845507789
871841112
596151525
156524243
128661591
271966839
947048223
77353309
33887366
731387466
116780176
631535784
806764215
569897903
783641378
441791967
881219604
178963498
1864809
668948680
406225732
843812889
341295381
291652956
3043243
540297322
949722757
886438982
4812871
831819749
356803705
506058847
405799396
567307591
377960452
205517166
759120196
180262885
387842483
358309272
732361039
902809189
562569564
388920943
408330134
693609653
967347810
34700921
841255124
530612823
862128356
623361506
142843063
143813852
225242386
951682002
619443564
608767985
651264166
295927125
74062982
639951632
341479648
939357194
913488125
50898046
554710062
601068081
910896928
109839333
706149816