101506
108887
176301
191987
192820
284547
355838
779159
805763
908480
1033736
1264543
1306496
1594980
1756132
1864809
1911512
1926651
1991151
1991257
2046175
2130493
2152382
2166521
2332519
2342809
2392237
2428528
2513499
2581218
2631955
2806410
2846870
3043243
3045639
3141627
3177990
3402156
3459092
3576539
3577267
3647800
3855172
3922713
3950355
4047169
4129370
4301445
4532609
4798841
4807317
4812871
4929031
4954905
4956011
4964502
5029480
5132198
5206427
5299018
5474602
5477662
5494974
5529956
5579844
5596837
5774597
5855069
5879606
6616000
6741708
6753171
6758357
6849511
7130244
7358641
7381388
7521901
7608535
7735226
7859634
7963413
8065130
8140314
8279088
8446302
8552292
8732676
8855223
8921505
9091331
9241401
9252320
9444498
9465619
9630725
9787380
9872744
9937707
10145622
10571611
10639702
10706222
10751033
10775226
11353621
11727041
12038160
12188868
12369711
12393196
12828814
12878992
12993086
13023269
13489469
13506797
13685363
14123580
14141996
14270324
14334915
14375021
14416735
14450599
14748354
15067833
15489015
15683790
15699931
15854656
16008193
16371169
17003622
17177232
17218729
17274143
17339043
17352506
17419612
17659038
17760019
17789036
17824835
17826585
17886951
17945681
17987634
18130468
18171450
18196131
18316940
18535996
18570470
18850824
18891290
18897246
19111940
19785511
19795671
19813431
19851730
19957648
19971835
20036411
20081124
20086348
20133619
20149036
20262825
20745827
20817893
20843973
20974892
21066701
21090154
21096848
21112347
21195329
21248380
21255599
21389887
21757227
21860056
21994446
21996204
22464073
22524022
22617058
22633811
22767811
22798322
23082625
23191157
23328683
23471074
23596309
23714688
23941560
24015293
24044898
24080954
24115146
24152179
24341203
24619476
24717234
24764677
24776793
24781525
24830998
24863266
24956838
25035117
25079618
25233340
25370984
25506547
25591112
25637287
25912647
26183090
26313803
26393881
26454018
26455747
26732096
26750491
26971279
26989578
27112804
27229722
27239153
27357896
27604490
27637955
27767683
27803645
27826327
27936097
27991014
28123545
28127442
28227838
28318308
28426017
28504744
28592899
28949792
28962744
29268723
29566285
29867067
29939309
30018530
30075002
30133613
30546790
30684108
30931470
31075419
31083555
31084351
31122503
31212050
31251916
31517290
31547454
31609445
31662502
31667328
31775471
32225232
32262219
32328625
32556745
32557613
32734653
33394362
33522213
33541276
33579713
33601372
33637821
33760035
33830715
33887366
33890103
33972770
34031961
34188792
34292467
34361188
34592767
34681522
34700921
34778738
35071736
35084192
35234578
35298954
35579978
35674797
35691964
35830199
35851811
36079353
36170192
36257935
36507750
36553323
36604655
36808297
36976357
36998159
37172975
37259644
37911871
38182272
38298945
38310771
38625246
38778545
38804625
38830335
38851204
39085419
39137740
39314548
39324568
39624596
39888368
39922945
39928977
40074213
40102696
40109272
40165727
40407659
40422157
40601205
41291932
41443576
41551323
41651682
41830136
42098340
42139796
42155287
42365597
42427698
42461705
42608746
42701764
42833631
42913798
42963368
42997630
43745148
43792701
44062833
44068160
44078682
44106091
44433502
44570972
44635999
44700926
44799270
44919752
45015597
45082318
45375713
45580143
45953813
46081950
46086916
46202591
46240057
46285813
46514025
46527235
46662187
46822451
46927457
46975802
47024061
47028557
47042961
47073275
47428942
47481135
47554143
47662005
47877593
47892977
48091408
48283454
48389112
48791849
48840412
48969313
48990592
49086982
49124910
49209191
49276049
49301757
49349486
49513405
49533696
49741047
49848279
49924388
49949383
50010511
50089466
50189362
50358885
50438085
50445800
50547531
50777440
50896132
50898046
51025569
51431551
51460053
51487753
51534761
51650300
51784522
51798139
51840871
52153879
52336798
52465862
52474618
52502920
52726905
52875734
52900521
52906892
52948566
52961523
53022792
53061491
53177995
53234959
53320499
53342307
53376430
53484826
53532112
54071398
54407424
54435526
54560375
54841947
54847824
55042981
55166093
55184568
55369578
55973642
56028573
56128141
56355798
56393226
56711266
56758573
56789948
56865369
56995981
57205001
57215233
57303400
57373979
57507702
57525295
57661416
57668080
57896033
57929467
57963958
57982022
58026253
58181619
58229947
58231627
58256960
58313377
58320509
58831246
58839409
58937980
58981483
59186753
59382096
59616358
59659518
59750379
59959599
60056648
60130626
60267052
60424576
60478527
60610779
60831569
61252761
61739796
62081242
62127826
62267924
62394469
62442616
62462945
62482938
62584010
62614719
62923449
63022645
63030037
63100581
63101495
63112958
63151589
63213843
63221385
63250739
63396811
63445624
63599384
63662750
63685445
63691943
63738100
63857265
64213013
64386981
64410337
64444007
64550994
64760976
64902071
65110134
65231644
65231708
65234999
65241474
65270717
65389502
65474436
65497175
66018941
66212460
66370880
66387504
66402591
66832218
66996663
67032444
67241958
67816151
67849299
67910829
68027900
68314450
68465223
68531766
68817488
68851240
68875951
68959344
69271416
69709060
69714779
69832433
69995769
70043980
70379179
70433417
70541749
70628285
70708258
70713267
70735931
70764507
70799456
70862975
70913995
70973059
71085598
71100805
71225403
71509248
71519736
71701608
72219823
72459561
72506734
72593599
72702260
72714387
72785566
72790949
72983045
73010158
73259871
73542164
73740967
73819560
73927276
74049386
74062982
74145803
74347810
74449787
74543631
74700850
74720255
74795562
74801463
74857704
74983539
75037702
75302883
75507439
75561143
75649273
75698484
75926218
76218712
76449074
76542783
76791164
76857334
76940083
76979410
77227300
77272729
77353309
77513610
77620401
77873360
78003785
78078042
78369767
78867515
79141205
79418334
79422893
79481934
79485749
79664411
79789589
80052525
80230201
80524512
80567204
80852194
81029253
81088217
81098744
81172382
81260910
81520628
81712440
82109402
82112055
82202395
82254472
82281436
82327675
82730390
82735938
82856194
82889802
83047839
83060216
83217007
83288231
83288729
83412476
83424906
83711427
83792009
83814722
83920501
84110204
84297515
84445070
84448708
84484753
84637545
85325523
85444659
85578943
85715517
85832175
85874377
86123492
86313330
86361013
86642618
86869229
86905981
87376074
87450493
87470955
87477913
87501210
87502759
87527214
87957393
87969406
88161444
88202982
88320740
88330603
88391035
88770725
88825472
88907726
89016742
89210238
89249935
89370145
89506265
89515446
89536661
89681078
89720564
90031076
90121141
90139367
90302989
90349532
90568616
90576481
90667856
90756542
91134750
91272243
91345589
91505290
91698270
91744086
91761066
91797447
91937362
92105731
92294155
92331841
92387366
92410713
92810571
92838209
92890203
93044701
93071980
93183493
93475881
93481565
93539734
93612172
93654869
93964642
94021231
94268923
94319791
94378903
94387671
94466567
94488296
94507789
94711537
94743512
94971191
94981255
95050448
95173399
95235876
95351671
95362045
95428760
95543942
95600633
95720592
95739248
95823208
95843184
95857062
95897062
96002873
96146087
96222555
96259317
96340401
96415535
96462925
96757592
96839209
96935124
96949207
97038630
97103067
97327140
97566078
97582156
97582450
97658256
97788659
97833856
97950185
98037761
98053671
98127992
98710192
98898963
99005578
99080324
99086280
99117731
99405854
99443165
99550556
99686666
99822025
99957199
100021052
100112753
100165076
100278830
100299293
100370475
100412646
100607992
100800864
101071351
101145685
101185200
101232225
101271565
101317883
101363753
101556856
101578971
101659691
101775388
101956215
102033348
102113290
102172264
102183564
102199978
102360715
102675985
102752799
102752909
102890979
103167714
103709836
103954186
104173329
104315017
104376804
104661505
104739047
104786106
104852166
105368174
105446775
105585980
105800518
105815712
105831951
105908725
105936469
105979839
106273580
106293905
106402281
106652763
106704850
106806347
106953671
107466051
107480389
107664529
107674141
107751078
107930941
108065429
108316262
108355486
108400897
108460870
108609316
108877442
108910649
109007248
109058474
109152677
109197587
109445629
109505958
109666367
109719934
109744202
109795326
109804477
109826918
109839333
110014669
110016325
110037108
110089892
110422374
110711056
110877602
111296521
111381370
111514581
111720428
111839394
111903440
112007491
112068755
112170555
112275612
112307810
112376411
112452340
112482423
112685618
112719942
113384195
113636221
113651896
114059344
114133725
114447728
114529076
114622775
114727977
114822620
114923333
115109132
115314345
115766706
115823917
115915456
116068257
116106449
116780176
116883547
116948802
116982094
117118427
117208145
117490625
117757535
117834867
117896176
118141178
118228288
118262251
118354471
118446888
118677732
118720881
118742855
118886554
119105143
119114754
119251576
119596046
119691234
120006715
120091417
120477622
120524673
120591462
120594655
120880365
120959547
121052435
121267177
121351751
121439817
121521147
121522194
121602978
121658192
121787382
122073631
122132230
122150548
122460268
122492829
122611112
122624975
123153612
123179585
123198405
123258642
123440634
123548408
123613454
123815661
123859622
123893188
123894634
124060773
124226783
124255352
124266502
124340330
124365427
124693851
124985423
125053214
125097266
125352502
125466512
125467619
125649494
125978110
126117236
126151567
126250406
126681040
126764172
126879483
127068834
127110994
127134478
127269113
128165780
128180580
128208049
128209390
128272053
128296604
128300306
128429346
128525039
128535846
128661591
128680737
128764070
128975602
129060786
129085003
129241066
129247591
129421638
129487406
129601618
129676833
129823672
129954804
130166876
130321880
130958506
131031909
131155981
131161970
131299095
131539958
131685057
131801675
131848580
131967583
131968898
131984980
132002454
132049839
132723107
132973963
133347501
133350029
133539217
133731749
133751577
133768267
134035416
134113911
134394583
134463200
134481247
134524190
134654074
134871794
134936624
134975723
135172208
135173246
135273389
135281291
135376559
135752569
135801660
135853725
136039684
136046622
136074624
136178929
136601594
136606697
136726977
136735243
136835686
136895465
137077471
137542399
137570156
137629973
137777211
137955314
138152692
138314665
138366385
138755543
138840315
138907032
138913571
138938639
139021804
139252132
139305832
139337900
139371438
139402644
139454295
139464602
139542026
139560367
139699193
139719518
139768769
140291261
140537872
140563790
140615609
140638528
140677542
140776939
140780577
140815186
140974321
141042316
141259065
141271134
141465932
141656628
141670237
141707316
141714421
141832115
142156876
142381085
142630319
142817241
142843063
143066320
143203039
143226260
143228851
143283609
143380139
143452872
143465440
143500322
143732032
143813852
144008329
144011497
144054143
144291734
144523483
144637525
144828280
144829749
144831026
144831688
144926708
145012303
145310064
145472537
145543744
146067082
146175205
146433155
146511383
146658272
147005696
147054003
147180222
147270252
147465064
147781391
147858416
147941007
147993342
148150741
148206901
148663508
149078080
149141244
149310593
149414707
149423415
149472843
149596740
149602762
149981690
150218252
150260025
150406852
150572018
150649170
150665533
150752972
150813967
151109192
151151706
151195736
151223642
151601796
151774723
151964465
152086288
152101283
152136004
152298063
152517247
152745400
152859965
152867780
152922155
152973910
153366146
153491413
153779170
153954987
153966210
154162665
154246516
154305729
154357591
154477407
154531726
154821257
154882737
155125698
155354491
155404919
155586970
155644783
155690942
155697478
155887934
156093423
156479005
156524243
156560591
156655403
156930208
156996675
157244256
157434243
157570106
157813262
157863466
157877522
158061140
158225665
158300478
158332250
158359391
158564973
158573854
158603464
158622555
158709522
158755765
158834319
158876648
158894809
158907556
159016687
159078071
159136777
159171618
159478868
159500203
159612913
159684983
159955081
160014541
160191083
160210073
160268242
160315252
160337243
160569179
160631621
160686690
160816332
160827341
160941927
161090921
161172933
161231946
161300282
161312334
161423447
161450163
161725652
161951663
161966484
162180925
162247088
162249904
162318837
162696189
162745002
162793307
162953028
163089139
163283269
163297065
163297967
163590217
164208532
164445790
164534173
164628158
164811999
165123634
165443936
165556718
165706882
165995686
166265672
166435857
166623008
166686224
166879612
166974053
167081641
167305728
167370175
167384764
167576107
167604840
167624342
167677159
167779872
167779895
167848970
167999046
168098302
168220628
168475266
168553551
168786907
168793689
168842996
169006883
169065803
169153566
169380540
169658341
169708735
169779463
169940753
169954366
170486238
170556011
170560698
170726287
170937045
171007848
171165178
171207869
171334853
171490946
171696145
171750656
171752484
171779924
172031177
172076156
172147955
172152875
172321088
172411486
172481306
172597250
172856496
172956368
173050597
173068163
173169534
173220013
173352584
173418231
173502033
173643487
173683729
174112857
174276802
174333127
174333316
174346768
174408204
174532755
174536874
174662901
174663268
174822406
174862623
174876631
175025192
175154668
175161346
175326281
175482690
175561110
175658938
175934972
175964085
176001650
176261062
176350244
176404862
176473417
176610875
176653453
176816364
177362717
177697224
177822432
178047667
178085083
178324057
178440215
178529783
178534966
178666138
178824810
178896538
178963498
178974425
179030252
179086445
179116348
179148241
179334420
179502055
179573300
179734800
180000694
180201326
180228913
180262885
180346740
180465852
180773905
180815552
180833332
180866030
180887647
180956322
181030120
181334058
181572292
181796779
181887163
181973177
182208244
182647040
182712870
182973421
183214549
183477270
183509673
183553115
183553572
183675051
183763216
184009670
184090936
184163810
184262624
184332199
184443494
184660991
184978250
185025235
185206731
185319990
185321150
185449292
185462590
185746109
186126529
186232225
186282451
186342359
186414008
186502113
186565720
186604968
186860090
186879707
187064094
187187262
187279300
187766243
187852131
187995636
188209451
188251560
188539029
189081963
189120545
189164258
189199481
189238728
189372449
189399492
189448201
189466782
189613164
189731646
189832356
189888779
190084008
190137606
190156332
190413472
190443419
190554991
190598669
190670945
190796325
190818535
190986564
191046230
191063311
191079156
191127627
191158318
191170959
191265115
191469024
191476399
192065176
192090915
192252074
192266043
192285074
192292997
192554758
192696572
192698541
193019706
193095018
193431202
193486307
193575523
193694054
193719058
193769868
193913957
193923051
193926790
194039194
194369265
194661237
194888961
195239477
195265011
196020542
196102455
196129064
196233764
196313834
196413810
196502308
196652817
196900078
197202221
197340082
197372344
197483748
197535169
197624916
197649951
197668812
197955380
197962758
198010395
198026747
198046211
198141358
198168805
198174719
198441643
198747747
198917871
198954284
199289739
199424846
199695159
199740474
199964311
200078577
200240647
200301599
200302372
200357702
200458342
200580436
200595297
200762297
200874358
200885679
201342302
201425324
201475783
201909209
202019670
202099218
202145331
202294890
202351336
202519899
202611096
202640805
202687915
202761058
202870676
202900937
202904797
202928717
203085932
203095146
203137044
203251691
203531232
203620993
203879114
204053882
204110703
204232868
204350811
204412088
204432073
204519869
204690550
205030736
205230626
205290912
205468483
205514389
205517166
205635725
205669649
205824198
205846573
205966099
206205503
206220518
206379512
206523186
206535934
206548760
206731837
206863611
207071736
207130476
207169879
207880105
208117718
208214690
208320228
208329485
208634659
208748254
208768367
208818412
208894508
208961780
209078814
209276697
209417457
209459935
209465202
209500599
209690968
209732761
209798339
209824724
209970616
210097976
210163226
210220252
210236508
210370945
210699794
210794094
211010418
211021215
211225457
211327876
211357794
211392958
211592485
211752209
211835201
212071471
212104464
212114187
212213770
212365145
212607812
212831793
212874069
212943862
213026763
213133118
213215170
213588747
214178456
214334282
214445048
214544208
214618091
214663708
214749389
214828562
215010911
215155494
215196896
215276379
215506100
215514596
215534558
215603368
215704798
215765498
215820079
215963989
216002377
216128075
216229233
216373941
216659282
216683919
216934776
217265259
217470730
217494115
217552540
217647997
217744932
217879792
218032972
218061532
218108622
218211986
218427292
218462592
218612386
219003391
219173230
219201570
219228255
219575274
219577271
219865485
220088396
220143203
220284514
220460432
220522306
220554483
220637600
220638244
220652561
220687507
220720197
220737620
220889236
220957087
220967398
221109159
221396598
221532865
221695209
221825502
221939296
222048371
222713557
222810007
222830212
223083507
223163585
223361449
223440521
223467769
223541637
223659430
223697243
223840776
224210989
224244364
224283005
224660747
224760792
224903415
224990468
225242386
225458999
225556945
225646789
226015404
226043645
226502266
226704082
226731738
226847699
226871309
226894973
227052407
227114977
227324393
227612072
227797389
227880782
227906616
228025896
228477228
228563231
228625415
228691204
228719186
228838484
229112858
229142835
229146081
229371720
229454216
229513243
229541483
229642976
229716563
229716869
229810069
229887784
229983743
230059982
230235108
230245587
230260722
230482663
230512663
230649480
230724906
230960463
231273020
231329859
231370115
231596530
232088917
232121847
232290934
232341742
232409085
232468578
232475505
232487674
232526653
232712250
232861919
233041694
233100301
233255741
233289069
233545664
233793216
233834270
234180333
234709584
234935812
235237543
235240344
235255793
235338946
235495947
235541694
235974996
236062343
236227842
236408230
236527753
237255102
237267204
237301888
237536212
237758641
237764236
237830159
237947857
238090347
238212140
238249757
238401443
238778144
238807524
238865562
238982428
239122317
239406941
239545825
239561841
239712897
239863053
239947308
240016544
240338691
240356300
240449167
240454155
240578619
240840546
240940101
240982714
241174155
241225355
241248004
241502037
241619997
241708632
241752662
241785345
241794269
242062117
242086430
242136767
242202492
242424474
242434667
242572660
242651345
242887831
242962113
243202360
243329529
243395161
243395180
243454920
243671129
243742844
244011934
244047942
244117940
244137752
244169422
244202544
244322254
244397720
244423740
244651719
244814975
245115950
245185853
245432061
245446493
245638856
245781624
246191631
246224410
246431337
246612931
246685712
246722061
246868072
246871911
246927478
247022873
247277720
247416090
247527495
247550956
247658522
247670719
247725618
247766902
247966534
248007348
248020390
248169017
248423322
248442776
248637384
248730673
249276915
249327020
249356634
249467459
249714787
249917980
250456325
250484906
250611757
250669196
250710506
250742815
250944132
250969533
251009422
251031478
251349285
251614387
251676057
251729201
251882475
252308878
252310963
252422949
252573357
252982225
253329278
253578700
253609519
253712050
253789467
253836160
253900291
253996734
254254080
254351218
254425826
254478457
254593574
254602575
254664569
255046489
255105749
255159412
255254160
255271415
255418603
255822354
255899201
256044870
256182610
256255611
256526402
256588763
256649912
256954129
256960180
256985932
257058223
257094733
257095444
257185321
257244284
257275946
257402376
257607579
257708699
257741073
257834500
257897262
257936291
257945735
257982824
258065316
258222809
258233360
258377904
258404464
258791726
258900239
259082322
259258477
259591068
259706671
259819565
259869475
259878847
260048154
260122771
260356992
260482456
260501940
260560723
261008910
261119553
261273477
261322756
261362194
261371835
261729604
261821785
261860034
261955064
261968052
262021295
262041093
262047479
262075196
262436698
262477919
262562913
262584725
262766064
262777668
262917036
263045084
263178066
263257123
263310125
263356439
263562340
263971020
264097358
264195790
264259542
264319386
264371277
264444826
264538049
264593922
264638583
264692313
264765924
264791953
264797000
264867367
264932430
264940729
265632905
265748051
265790564
266085313
266101894
266147119
266175366
266516049
266591112
266782238
266919226
266940434
266957867
266994084
267174391
267369178
267512081
267516604
267878303
268191315
268263122
268357100
268641915
268874919
268921527
269017676
269058666
269097602
269156667
269173840
269260347
269272680
269369403
269950015
270061914
270070005
270078395
270564178
270654009
270896017
270994893
271338994
271966839
272105904
272212306
272260065
272299506
272463870
272471508
272474950
272574727
272661354
272692251
272937116
273013129
273202734
273297575
273386469
273388216
273433447
273534032
273549481
273664772
273838819
273873142
274027111
274173742
274277570
274344725
274571578
274677428
274832462
274834642
274953741
275044348
275047582
275100499
275144154
275267250
275302666
275340277
275452441
275457186
275487607
275490011
275501969
275601897
275950669
276025207
276289208
276292685
276321021
276400861
276440569
276563928
276602853
276906749
277264768
277299546
277302884
277386439
277574993
277598085
277708610
277884288
277955482
278117333
278254699
278609714
279083167
279088302
279235108
279461401
279682847
279716329
279718521
279868557
279968746
280009564
280086506
280193834
280461076
280591958
280696777
280728488
280799304
280969215
280969471
281010866
281067287
281181469
281190642
281285423
281286183
281340511
281661672
281819936
282142472
282251303
282628907
282653688
282907316
282978023
283137393
283147204
283198371
283231833
283239624
283308198
283332270
283367008
283498649
283534237
283637250
283814419
283964196
283996562
284068399
284267606
284286782
284360897
284636016
284636056
284734646
284851493
284994622
285366221
285378597
285509698
285527513
285574647
285581138
285594053
285670229
285689484
285972320
285992471
286115085
286185873
286365055
286411108
286424890
286436075
286482270
286544345
286684923
286746906
286866397
286934554
287148759
287390352
287407795
287450595
287513866
287757180
287764076
287816260
287858845
287901435
287910134
287940310
287986019
288209770
288404815
288417366
288618903
288680165
288810938
288892334
288954590
289158821
289164100
289192851
289345728
289354624
289358028
289408569
289534411
289594777
289646614
289672859
289713896
289721938
289748795
289925101
289927153
289927262
289993201
290112747
290234370
290330197
290343894
290983380
291006947
291081057
291098819
291273714
291332763
291652956
291720909
291904736
291913994
292104566
292153663
292176644
292447888
292496327
292513785
292581711
292663609
292738536
292891858
292957613
293086491
293123447
293173486
293316180
293409647
293465282
293534298
293606664
293695105
293774766
293842893
293859386
293893194
294168267
294234060
294348654
294470119
294492152
294606118
294626831
294769000
294807054
294832143
294952809
294990111
295066994
295070347
295119957
295141101
295419988
295518166
295594422
295682926
295889483
295927125
296246827
296276370
296329562
296512652
296531267
296636460
296666184
296751436
296792391
296836897
296876499
296918919
296918934
296941241
296983806
297302848
297616502
297683023
297727223
297955434
298073452
298184595
298217613
298257168
298373374
298386350
298526259
298756012
298902128
298977075
299059159
299139406
299268478
299364447
299390680
299490861
299812257
299833560
299876235
299922698
300015336
300124293
300444785
300499753
300668994
300685745
301099333
301146874
301175326
301191762
301200760
301307125
301337029
301463876
301552405
301605439
301626667
301831979
302305398
302312876
302385828
302454760
302548238
302594967
302745036
302840380
303159110
303171807
303282313
303369250
303405302
303497217
303616041
303699304
303727436
303780003
304001118
304016383
304307648
304406861
304440406
304446730
304531149
304653975
304666897
304894166
304905185
304997447
305023414
305121208
305165798
305479586
305745448
305815045
305846297
305876194
305929057
306003974
306013071
306192612
306291231
306505422
306545061
306643864
306652924
306686740
306733272
306974465
307001619
307050922
307092273
307119415
307177137
307210240
307370401
307388852
307717060
307815911
308097196
308443370
308537512
308778052
308823062
308884852
309026596
309357252
309360688
309441055
309549789
309622233
309708483
309714274
309736114
309738728
309941192
309946516
310131675
310239667
310303941
310308574
310335535
310424851
310529295
310909271
311115515
311145467
311161957
311408107
311473568
311573471
311622173
311678783
311706118
311745783
311820105
311893891
311985624
312019622
312089715
312118116
312187539
312478890
312481867
312755487
313099360
313143362
313382005
313466850
313632997
313647811
313739158
313822413
313869286
314228737
314241233
314489836
314828817
314846709
314979532
315010511
315056977
315574214
315613563
315626279
315825852
315878882
315942524
316031904
316160570
316272429
316313631
316889793
317178925
317209391
317271514
317430449
317448369
317566628
317609088
317849736
317879798
317882342
318053525
318218413
318570248
318821782
318927946
319243236
319277575
319483991
319535071
319770236
319800376
319830258
319965096
320272310
320313523
320711329
320736791
321323057
321339187
321619279
321885925
321906073
321930493
321978460
322145036
322160038
322203831
322255101
322315454
322316380
322336291
322336493
322519897
322910627
323018004
323190104
323268851
323543115
323694408
323799174
323933541
324180331
324417651
324630267
324631077
324644848
324773486
324864516
325171888
325281709
325406591
325606856
325627229
325693291
325886261
325986395
326233247
326307539
326621488
326745233
326790021
326836717
326922678
327083387
327250933
327794073
327946143
327993824
328019270
328040534
328071351
328159422
328338924
328766717
328769916
328786401
328980191
329118133
329295286
329374030
329886016
330103564
330107524
330111343
330113482
330133475
330602215
330650894
330808952
330830784
330906628
331090635
331261803
331391073
331724703
331763937
331880439
332030608
332054180
332097886
332104515
332188394
332207012
332221663
332320706
332459390
332473397
332539704
332566016
332696653
332710720
332721730
332744425
332886229
332992683
333011276
333281294
333741962
333763372
334029579
334173864
334564871
334613676
334674251
334750706
334823913
334881126
334936684
335091390
335264145
335355002
335413964
335587894
335731964
335970908
336141048
336420467
336450065
336496030
336668888
336687348
336886842
336965567
337045733
337082566
337200652
337733185
337771215
338088034
338185733
338200850
338340488
338346939
338536926
338697021
338790848
338864753
338966841
339159431
339188456
339213116
339421228
339813891
339915708
340123842
340264019
340264420
340454209
340459802
340560376
340581717
340617269
340677765
340713176
340715291
340855749
340862597
340966578
341107424
341295381
341479648
341756836
341766766
341825160
341899244
341991046
341997635
342080475
342109541
342208147
342216287
342423026
342735426
342816407
342866358
342946557
342970821
342999055
343070426
343072101
343259700
343454682
343513680
343595181
343712031
343961912
344090576
344879397
344974599
345078604
345507123
345586556
345724003
345753398
345800026
345810508
345918692
345932156
345953941
345978661
346029282
346064044
346287376
346354793
346465617
346491069
346590004
346627698
346669920
346794853
346812117
346904538
347145979
347216147
347298072
347382091
347490243
347793822
347805718
348078875
348212952
348238598
348396389
348498288
348658657
348724246
348891980
349015252
349075611
349333267
349619537
349842816
350108705
350283452
350384796
350395167
350408995
350482931
350832710
350891953
351103532
351249547
351462443
351704343
351734029
351923946
351953188
352117741
352122948
352144192
352166148
352407454
352505977
352506255
352599744
352703829
352766321
352786292
352916467
353042341
353122014
353400038
353412849
353469176
353538818
353792387
353831956
354028920
354177239
354352721
354358973
354405602
354508425
354646454
354824642
354874387
354992248
354997475
355064578
355207420
355232042
355367856
355528896
355630291
355651925
355856930
356169481
356239110
356366337
356589982
356707667
356803705
356823544
357151211
357163581
357380023
357405863
357469809
357707144
357816962
357844246
357864747
357988456
358042067
358087630
358145103
358161538
358297109
358309272
358397372
358496306
358694596
358861443
359167898
359251214
359263273
359353539
359443934
359444732
359518256
359567871
359587096
359601819
359628431
359659647
359986037
360282648
360497019
360500086
360625764
360949367
360970846
361170122
361244486
361451984
361479320
361698647
361727265
361793612
361804994
362012071
362025627
362045681
362153370
362291997
362389987
362545192
362719212
362722757
362760390
363057142
363102685
363221146
363409037
363716965
363864630
364067437
364121756
364181207
364273173
364427712
364476601
364563732
364583223
364721398
364782185
364803560
364833679
364861664
365037804
365181353
365208002
365236224
365402869
365484194
365585180
365591150
366114389
366127781
366254260
366309536
366419962
366528477
366712753
366868487
367234898
367497294
367976176
367980337
368048430
368216947
368278811
368598340
368776091
368841603
368953450
369013368
369030356
369074054
369324805
369444443
369647118
369875493
369922169
369924682
370251000
370466025
370539942
370691731
371445340
371780986
371831544
371997407
372022196
372074976
372298413
372631170
372706827
373015508
373036995
373099108
373161464
373175059
373243492
373317447
373417100
373432476
373447442
373512280
373548076
373666927
373672353
373710207
373991299
374267042
374278082
374439500
374468497
374477189
374512684
374710945
374782868
374819404
374832032
374954517
375189001
375211186
375372035
375388753
375593414
375648834
375723718
375827979
375961027
376274871
376324504
376432508
376486975
376564551
376581098
376763947
376897970
377058238
377132584
377212570
377249496
377381861
377717676
377726444
377960452
377980745
378053058
378283091
378337800
378343661
378431697
378644988
379055542
379081013
379364311
379366310
379409324
379415344
379422868
379469418
379503525
380055968
380104541
380228912
380271503
380489455
380693883
381002616
381034891
381246313
381294470
381399549
381499776
381742329
382082595
382236350
382339954
382345100
382361587
382763883
382797216
382809567
382995061
383646680
383657245
383753980
383818431
383889844
384016966
384138624
384250106
384328550
384692417
384744341
384766969
385280893
385354163
385619025
385799500
386058590
386171304
386371993
386756121
386899768
387171689
387306448
387410716
387450487
387461603
387638434
387813166
387842483
387861642
388082875
388235974
388244429
388365770
388369517
388474823
388639429
388685698
388755225
388800009
388920943
389034308
389155599
389245732
389470843
389509671
389557360
389720352
389888120
389888522
389985128
390422617
390460404
390506601
390627489
390786713
390792384
390809072
390891530
390931229
391012553
391136446
391186278
391195008
391218148
391297125
391587383
391618452
391621232
391721752
391945589
391952456
391956553
392321207
392326222
392343934
392506104
392522773
392556112
392931653
393098289
393151117
393157893
393301930
394001851
394087893
394165826
394211465
394458760
394497818
394541510
394971091
395022022
395108002
395138592
395275416
395387415
395390341
395399138
395416450
395458430
395979514
396154842
396181531
396195330
396357686
396554128
396695140
396722457
396737377
396746382
396829316
397108296
397124080
397186734
397497993
397509231
397571561
397678753
397816012
397849976
398074646
398156193
398614948
398645189
398709495
398729709
398864092
399035456
399105306
399508262
399548447
399609709
399611123
399750677
399758535
399853118
399856998
399924489
399946848
399957449
399975385
400159798
400252859
400495157
400832666
400848408
401139910
401145012
401184050
401525039
401619606
401893427
401934778
402083792
402141659
402742173
402851563
402990937
403030280
403131144
403295569
403837656
403920066
403939832
403947212
404055217
404073448
404162764
404594998
404611229
404665899
404711587
404892204
405001753
405006877
405157943
405208288
405520605
405680518
405799396
405868079
406101798
406225732
406629039
406774307
406894567
406976078
407099615
407213882
407468682
407499993
407889898
407959462
407992856
407993503
407998738
408227643
408330134
408411168
408479558
408503958
408529179
408541725
408730643
408738187
408758197
408833897
408889989
408919047
408969256
409003548
409076398
409105544
409140558
409620968
409683637
410033188
410134505
410253600
410296135
410315637
410526938
410554097
410750977
410795030
410906440
411042033
411106864
411116141
411117039
411124309
411400295
411416201
411595339
411704827
411706558
411846453
411982037
412253090
412387366
412422370
412476398
412682217
412695056
412702102
412910902
412974227
413162564
413372383
413386668
413466615
413707756
414040008
414330210
414425392
414442787
414465465
414669217
414713640
414987011
415023232
415073291
415395925
415476362
415508294
415575547
415651490
415692541
415836482
415898978
416516498
416601750
416632705
416719781
416749491
416856372
416996515
417310513
417337334
417361786
417412730
417467188
417504896
417579732
417678181
417748897
417780846
418125187
418181475
418202558
418268218
418320867
418566994
418699957
418758099
418758731
418891652
419144296
419353085
419390684
419500650
420069965
420448423
420685008
420782142
421067656
421191300
421271897
421420688
421493189
421538611
421897647
422150538
422210848
422395516
422547882
422701865
422753117
422886517
422918680
422927759
423213923
423246502
423477281
423517167
423520757
423540301
423552925
423757019
423814380
424081664
424177794
424265325
424570837
424715306
424800928
424865189
424890094
425165458
425521473
425713107
425754657
425833732
425915772
426064871
426246635
426481867
426543612
426569560
426693387
426715136
426716008
426748242
426768412
427000473
427011134
427318913
427432195
427452400
427488016
427553913
427626696
427683005
427684656
427777816
427804400
427890246
427895312
428084954
428134909
428181778
428312577
428387300
428458920
428547290
428580826
428636829
428772793
428777733
428899029
429295952
429564285
429696061
429810672
429819699
429926753
429951630
429994255
430139872
430330004
430357390
430377454
430509825
430526873
430743849
430824584
430883378
431067696
431244404
431451231
431711995
431861990
431903734
432034593
432046907
432206607
432268575
432398576
432471506
432512949
432702206
432814095
432833351
432945631
432999592
433164943
433318872
433571962
433667444
433945997
434004832
434141336
434143053
434290177
434443934
434617785
434639954
434657070
434685487
434810183
434833753
434901038
435172357
435230640
435333300
435531743
435623045
435633748
435849992
435884188
435939709
436031914
436246471
436320009
436359103
436429142
436815338
436863337
436972563
437176438
437230828
437277097
437490889
437498958
437523073
437573961
437668204
437967490
438210708
438464664
438530174
438754153
439094774
439124723
439375225
439422145
439609483
439743948
439912470
440080368
440109499
440208460
440242911
440278817
440486195
440677125
440688487
440763618
441130850
441133859
441320240
441350422
441509212
441670083
441714497
441791967
441976061
441996340
442344558
442387583
442858342
442892091
442963762
443450370
443604337
443611062
444003630
444068104
444170825
444224662
444303357
444341328
444417252
444894795
445003215
445035141
445321005
445474335
445515000
445628086
445868157
445960126
446061458
446240060
446397986
446525024
447237692
447289755
447588776
447639288
447713040
447904111
448476703
448479906
448492788
448520785
448660198
448759470
448887982
448939597
449431721
449536073
449559218
449565457
449827756
449957138
450041839
450170109
450562820
450722444
450810978
450890403
450946864
451179663
451234200
451368268
451369540
451615222
451712024
451762347
451782367
451811071
451904971
451931417
452202884
452209784
452436725
452519387
452869884
453042516
453148912
453237091
453461356
453591467
453643278
453665056
453737531
453904345
453922489
453949235
453968842
454021631
454150532
454311144
454380387
454478638
454495879
454544646
454620456
454905236
454972529
455122154
455181401
455191020
455239516
455444419
455646116
455712963
455726517
455853325
456135361
456315946
456327571
456486342
456526249
457159634
457388189
457572431
457627748
457818209
457877639
457887854
457931858
458112938
458195050
458223449
458311608
458392511
458554702
458811093
458813499
458897913
459265650
459301887
459310314
459326658
459371328
459557760
459664183
459712324
459771019
459941479
459977528
460030553
460069506
460211361
460346062
460416456
460444747
460728381
460923686
460925749
461053606
461552079
461703871
461722470
462099241
462189418
462191453
462398099
462546221
462815133
462860425
462954836
462996404
463405241
463421683
463452577
463578496
463757409
463869424
464208530
464290118
464313264
464491538
464530493
464590840
464656787
464719643
464719664
464772765
464798068
464856822
465123343
465225842
465469095
465547171
465636563
465645999
465679987
465753384
465758888
465837649
465962524
466210778
466361732
466386701
466747152
466800561
467051254
467095321
467215696
467273012
467431560
467629934
467904406
467904542
467976017
468099204
468363014
468487871
468799327
468896984
469140283
469187761
469250097
469355447
469417249
469522674
469710115
469879177
469885551
469962130
469965483
470473639
470509261
470778175
470778721
470847125
470918111
471094932
471110807
471564723
471633341
471755860
471955422
471958883
472189549
472259221
472260494
472414114
472434830
472537255
472619693
472725593
472727919
472863040
472947557
472993049
473158803
473159285
473166929
473280844
473457524
473473532
473592953
473653825
473741927
473766599
474396782
474429392
474595333
474745141
474783206
475209491
475478585
475485137
475546708
475642933
475689448
475768450
475810167
475927083
475938148
476033399
476158991
476218101
476422866
476473391
476482248
476535340
476629611
476674645
476806917
477007616
477015078
477052862
477121892
477248357
477349516
477654434
477881546
478021650
478110590
478878582
479363250
479409146
479600506
479653281
479841933
479902800
479940357
480242157
480298296
480330344
480360921
480623940
480759959
480769147
480893429
481004599
481028304
481032423
481116570
481135430
481200001
481243397
481326094
481537431
481612345
481717693
481843023
481880682
481882496
481942004
482079298
482256090
482380141
482393753
482449166
482549177
482573964
482809762
482860907
482942522
482977652
482989419
483087016
483206416
483215125
483361583
483439230
483456315
483569654
483690507
483733519
483808056
483831516
483999558
484076329
484116226
484173358
484312589
484416459
484651881
484766862
484865324
484867106
485253753
485301420
485316803
485534607
485587492
485655219
486017564
486138050
486281228
486347525
486601604
486746656
486969531
487176960
487215200
487230399
487265046
487283133
487476733
487525723
487806511
488152047
488180937
488259284
488268163
488276575
488284153
488486783
488694231
488697891
488743653
488875146
488905654
488977681
489093006
489217811
489301531
489329463
489438194
489576209
489593454
489605032
489867460
489875319
489904137
489954466
490018947
490050126
490173475
490295820
490452111
490540267
490594706
490726415
490924841
490938725
490968101
491071848
491279325
491468383
491521865
491660968
491896397
491901764
492398616
492491363
492509906
492531323
492697172
492877571
492918681
492930007
493037036
493206206
493214696
493744815
493937172
493939696
494120759
494517960
494524575
494871769
495339535
495411463
495467381
495600867
495944355
496028096
496079120
496088079
496138137
496173807
496429831
496544039
496566619
496650005
497216449
497279499
497361121
497446658
497513448
497556224
497650175
497794726
497913941
497918265
498087055
498093104
498107721
498165745
498184253
498349010
498592388
498687675
498797086
498855559
498964403
499029920
499161121
499282502
499323403
499362649
499384617
499470383
499919408
500008591
500130986
500134634
500213151
500511806
500746275
500819260
501260278
501682560
501724092
502262923
502395381
502447892
502849701
502883855
502942868
503023028
503439554
503493452
503513678
503703990
503736246
503819606
504235467
504699181
504735646
504812748
504822207
504868716
505052919
505096788
505193161
505550313
505603150
506058847
506070370
506169081
506459975
506757533
506954393
507067830
507139137
507288518
507296226
507382480
507485672
507524224
507535168
507624034
507635703
507664346
507699408
507888166
508026946
508118007
508340524
508404946
508594618
508603971
508612252
508741269
508768317
508981171
509296849
509541606
509993817
510077229
510093532
510102507
510265616
510332252
510487560
510760597
510788165
510801690
510822636
510953760
510990723
510998523
511055416
511060325
511062260
511136382
511145277
511206067
511207386
511452692
511551294
511626872
511708188
511719657
511749639
511758079
511961426
511964027
512018894
512082042
512310968
512369227
512679237
512700667
513088999
513202971
513438907
513594713
513641301
513649012
513806818
513830758
513976452
514118881
514153160
514366673
514394209
514396919
514421405
514428497
514646558
514679069
514888968
515142166
515687374
515808748
515991098
516062295
516073968
516378694
516385373
516413790
516437643
516495541
516593188
516624506
516734413
516762037
516783147
516943363
516988425
517029872
517057199
517077769
517084656
517241016
517403860
517442446
517624774
517768830
517797645
517895964
518416429
518455999
518467238
518684686
519023401
519243588
519254045
519305830
519478970
519614717
519709112
519780498
519784883
519829084
520267610
520340178
520513202
520602590
520607317
520786067
520927592
521010998
521023246
521197465
521230614
521302594
521309103
521316045
521448680
521535938
521564789
521589637
521766168
521848350
521873267
522083288
522429976
522506378
522560187
522752438
522834570
522864860
522871083
522887372
522926165
523020731
523049076
523057719
523116371
523186257
523536078
523560111
523826127
523853873
523937995
524136796
524203754
524231641
524302105
524504220
524559823
524621197
524800126
525056545
525072194
525209289
525215677
525340278
525349305
525359195
525364712
525825383
525869363
525907109
526345025
526394777
526472936
526890468
526920007
527051965
527265383
527342456
527675260
527873540
527960238
528148900
528298371
528391895
528629374
528655153
528734568
528847852
528915582
529157836
529213804
529643813
529848996
530091586
530118508
530288855
530321229
530337061
530388095
530612823
530794700
530841214
530921669
531184096
531275679
531504400
531516829
531728280
531752770
531772978
531799795
531919139
532196915
532353049
532588677
532632580
532676785
532703079
532712222
532720418
532997078
533244455
533614836
533942766
533945900
534098519
534180689
534424527
534499793
534766076
534789625
534824770
534883891
534993261
535081605
535194013
535567750
535655882
535692365
535973991
536041924
536121717
536174224
536627168
536707373
536722764
536775914
537020356
537028536
537060531
537213489
537297128
537578771
537942997
538093834
538320649
538409308
538461866
538474580
538558044
538647345
538663810
538786478
538796621
538847372
538923573
539043699
539100249
539397481
539905641
540001520
540005869
540015422
540165706
540207614
540297322
540321119
540433473
540439390
540492635
540578123
540599521
541012394
541401079
541402423
541457261
541613244
541622006
541661243
541893610
542196304
542313547
542496155
542664000
542754430
542947209
543292188
543476095
543803301
544042190
544256231
544287792
544329542
544623513
544694420
544840857
544920539
544943296
545060710
545210240
545375212
545444545
545556312
545562023
545681521
545851914
546148102
546236048
546237282
546345048
546454266
546597314
546608303
546973461
547221414
547232799
547452491
547774889
547775723
548069989
548258589
548304196
548357485
548430348
548475576
548695355
548771994
548820567
548849027
548894707
549424066
549521562
549535809
549694493
549876463
549933406
550016446
550114082
550371587
550414655
550528918
550543313
550682789
550782712
550833520
550876912
550920963
551006501
551038513
551270903
551307978
551348937
551484810
551760170
551893021
552578080
552857175
552869787
552988420
553313156
553383453
553500829
553520075
553604271
553795466
553934193
554369903
554390061
554454866
554513487
554527569
554710062
554958279
554992351
555447749
555512109
555627579
555760675
555764925
555948449
556477201
556647514
556734843
557082156
557165394
557192115
557197721
557383480
557450252
557450729
557477552
558291697
558467050
558611117
558771167
558830791
559183780
559208215
559244817
559349182
559549102
559717168
559755183
560089360
560212027
560499304
560515258
560657179
560723074
560792903
560827902
560895555
560951353
561086916
561092148
561113565
561603044
561671416
562034778
562159989
562323216
562331131
562424161
562476720
562533159
562562156
562569564
562637781
562665917
562694184
562703979
562704521
562717729
562739884
562878733
562939029
562958375
562980072
563064253
563087533
563149624
563247856
563352448
563387984
563699341
563795279
563976074
564219188
564224307
564356759
564419693
564560228
564724188
564840821
564873373
564901651
564984961
565028169
565540031
565787502
565880848
565996496
566066601
566338009
566674875
566800230
567126887
567218488
567307591
567470892
567500979
567505702
567627635
567868568
568189499
568255684
568357813
568485443
568647205
568668052
568795005
568933222
569140605
569184615
569285190
569421833
569441612
569446809
569515466
569680327
569764865
569897903
570424627
570426669
570628635
570650798
570696527
570777524
570781342
570873998
571394687
571427585
571498746
571514825
571730805
571989783
572020622
572076259
572344101
572415173
572603332
572954334
573033442
573053202
573352284
573408565
573454671
573455245
573647491
573896975
574066578
574073564
574291078
574474473
574481390
574558588
574612643
574790352
574934457
575092244
575206164
575235059
575381447
575503860
575513860
575737715
575842242
575884949
575954354
576002742
576426868
576435005
576471375
576551162
576554153
576606768
576637850
576893444
577003253
577142219
577517295
577543457
577610652
577727375
578340749
578466951
578594659
578747605
578972520
578991580
579029853
579113880
579220980
579261109
579431845
579723441
579782101
579826248
580190337
580210332
580512558
580706440
580731895
580732723
581150616
581442193
581536701
581641784
581644344
581721398
581867122
581914898
581995624
582104672
582156113
582425124
582432507
582485612
582527372
582538028
583056229
583294284
583652715
583796703
584138136
584241989
584454106
584484262
584681173
584837635
584890462
585071125
585110626
585137707
585141700
585268115
585423336
585451818
585471515
585625737
585800601
586042723
586084120
586331732
586364044
586438272
586474712
586890824
586965116
587283869
587588375
587624384
587761581
587780674
587835544
587844863
588158192
588364531
588405490
588635741
588741507
588764497
589008490
589050603
589233404
589399457
589458248
589576619
589583577
589586733
589936201
589975390
589976809
590108494
590270124
590392240
590524801
590544642
590589303
590730816
590739475
590839010
591030007
591100144
591125540
591246613
591335351
591402291
591628397
591637278
591673184
591781282
591907529
592015341
592053173
592064359
592160555
592339556
592360220
592372478
592583110
592942718
593038861
593337737
593361807
593531244
593620629
593625200
593631183
593881780
593946514
594223012
594390101
594468144
594494710
594566730
594721339
594780624
594880695
594965634
595117163
595144893
595203811
595296711
595312477
595367880
595377153
595564616
595629468
595733439
595884545
596070942
596151525
596270332
596296370
596346762
596355124
596481755
596613462
596616546
596645119
596673904
596711524
596857987
597269963
597332018
597384412
597436548
597474482
597656435
597668461
597677536
597781146
597829542
597905748
597953627
597958378
598244953
598297708
598530025
598636415
598726770
598823021
598988929
599121562
599343532
599365045
599464829
599691310
599777153
600023577
600045850
600198143
600296876
600375705
600389793
600559522
600774274
600795987
600830254
600846640
601068081
601159682
601187316
601215756
601285538
601308202
601357804
601436324
601583966
601875828
601881168
601930766
602224685
602480339
602625724
602626009
602707576
603026098
603060350
603148549
603242760
603322251
603339883
603525483
603741911
604236889
604274330
604414271
604496530
604575947
604648710
604908232
604961345
605095309
605174972
605234056
605272024
605492138
605622803
605715899
605760874
605790015
605948947
606105338
606327944
606507957
606577002
606809592
606809618
606821372
606958464
607034619
607204982
607246994
607515609
607697092
607706047
607756458
608105465
608111054
608144428
608320537
608334318
608486631
608572363
608613578
608618198
608767985
608891168
609084538
609179265
609230636
609314862
609360454
609582249
609624070
609829256
610145261
610159392
610182067
610211093
610361560
610394080
610452433
610566549
610615082
610620469
610728630
610811231
610960169
611013182
611118834
611124079
611220587
611254606
611310969
611389175
611564296
611635212
611678552
611716145
611782972
611820658
611831004
611868754
612228675
612249365
612324096
612422234
612451887
612542221
612715534
612759486
612830271
612874849
612960518
613261362
613296777
613370074
613428083
613452985
613489643
613547561
613856357
613934207
613952288
614071908
614136623
614336079
614412397
614529936
614947307
615011010
615024148
615070222
615091343
615561234
615629150
615760654
615911379
616167798
616296247
616390575
616489488
616995762
617066341
617088183
617209913
617329221
617623072
617733015
617903362
617919480
618155672
618388910
618522924
618556149
618581881
618585881
618737268
618837235
619039323
619094766
619262423
619269348
619443564
619692783
619790400
620263245
620502611
620571191
620707062
620860594
620935505
620939183
620948846
621030962
621054845
621072844
621126985
621219172
621328846
621475780
621780393
621851539
621894236
622015292
622037038
622112982
622261940
622290369
622342811
622386904
622515317
622624063
622826281
622975902
623046783
623361506
623608787
623980630
624112329
624236882
624341301
624347034
625438027
625457370
625522495
625551535
625573640
625709307
625729414
625740478
625827666
625930347
625946169
625971400
626383310
626518404
626545509
626626726
626873543
627016882
627147024
627269964
627731477
627853947
627907718
627999911
628285424
628483193
628537014
628764923
628768580
629232090
629244711
629486660
629500765
629673519
629997126
629999881
630203392
630274874
630302507
630689985
630800476
630943064
630989506
631020112
631263858
631340374
631535784
631617694
631727312
631837872
631979578
632407043
632409361
632421737
632468568
632656984
632701545
632926848
632934495
632952413
632976140
633080744
633200336
633283947
633720798
633777251
633816319
633983693
634247827
634528511
634586799
634807242
634852730
635080947
635157071
635609404
635631838
635875055
635892515
636252889
636296457
636334221
636335626
636457234
636587648
636647647
636691759
636911212
637056841
637071214
637179940
637486342
637533763
637581905
637703692
637756268
637966620
638113212
638120638
638196842
638317608
638360029
638433346
638500128
638513146
638537628
638639805
638679874
638770700
638848444
639105335
639177519
639218329
639454028
639506648
639512459
639714576
639753994
639897491
639935833
639951632
640135620
640266488
640273744
640509655
640687204
640963014
640965972
641014487
641058598
641299806
641309460
641702384
641785603
641950557
641987450
642592695
642702466
642783671
642790219
643000693
643409493
643452890
643602863
643685082
643716641
643841364
643869217
643930431
644015476
644067361
644067704
644157561
644237054
644262262
644420055
644487136
644488229
644526096
644795689
644879510
645117917
645186374
645438845
645442295
645817640
646093421
646173877
646237536
646263484
646476243
646489159
646497086
646498199
646677485
646880854
646898893
647093600
647179776
647244341
647285205
647386623
647433675
647978749
648012443
648058592
648124232
648139625
648164088
648361758
649009888
649145253
649294030
649393198
650421802
650431096
650537468
650767549
651126660
651264166
651269972
651441706
651483161
651576593
651587429
651624051
651635375
651923075
651924994
651986480
652189609
652221586
652407979
652625669
652756788
653142815
653212775
653304561
653316117
653443651
653464392
653570386
653754858
653900877
653912199
654035142
654078873
654257742
654280544
654429633
654445423
654538588
654608699
654910829
655038501
655355376
655594410
655865247
656145925
656435386
656609878
656856804
656985579
657090651
657097419
657167732
657284612
657422243
657712871
657771200
657896938
658027814
658304441
658329398
658773539
658780732
658809923
659112411
659212681
659253365
659516334
659663544
659865911
660217013
660442645
660588420
660658238
660722702
660764810
660912458
661040362
661091077
661112802
661149806
661449571
661531990
661726035
661906240
661975552
662111160
662308648
662325979
662451284
662896044
663017568
663036970
663192578
663392198
663445030
663547346
663550455
663646675
663672721
663755299
663914063
663927600
663966998
664130898
664200271
664429999
664595865
664653480
664672386
664793432
665130661
665171307
665262612
665471464
665485035
665496720
665592852
665745549
665810806
665811136
665828149
665832509
665985034
665987719
666245581
666304257
666429351
666435643
666505747
666570814
666734218
666842520
666994564
667050679
667114703
667168811
667324717
667355497
667388788
667422286
667444503
667498174
667563230
667714034
667714196
667723411
667883134
668060559
668069813
668132271
668215139
668279411
668410660
668484130
668519472
668612518
668658486
668948680
669111022
669127596
669184538
669215123
669358952
669552777
669650669
669682655
669789880
669938989
669973330
670082048
670320341
670456081
670543511
670568071
670581232
670687045
671001936
671121683
671142628
671192055
671534207
671656439
671814612
671979148
672033123
672091681
672128014
672340082
672419733
672448684
672773197
672824100
672838381
672845632
672881023
672884798
673168415
673377502
673448647
673469553
673471527
673545406
673589592
673655751
673962330
674275230
674278775
674378287
674546392
674614421
674685850
675122377
675183423
675358450
675446454
675572647
675583564
675866938
675879986
675984069
676066828
676183673
676216769
676556921
676566401
676627815
677140617
677261067
677471710
677693860
677935315
678159995
678259181
678296588
678964552
679204829
679450894
679474638
679670969
679800860
680000996
680042063
680210825
680465278
680588353
680653098
680760963
680771187
681267981
681457677
681515127
681578066
681593873
681613858
682197183
682272632
682308092
682384714
682747466
682855778
682897503
683015527
683200538
683238202
683263836
683744635
683832014
683837310
683869114
684093524
684291297
684363853
684480536
684571057
684773850
684916096
685069732
685132605
685175716
685333752
685424722
685509774
685513487
685526642
685725572
685894550
685925925
686242580
686258008
686283377
686311951
686520967
686590394
686666810
686832946
686928318
686965343
687030814
687038434
687355776
687476060
687538869
688179256
688343304
688522259
688528910
688542430
688624152
688801050
688810876
688851354
688934158
689178495
689398240
689983043
690042481
690188908
690189703
690473230
690613799
690742002
690825667
690923198
691185634
691198491
691472984
691728557
691849405
692027869
692095836
692159943
692270001
692314604
692417404
692553713
692561351
692634473
692660451
693075055
693089162
693244928
693605766
693609653
693670384
693992106
694034263
694162508
694168351
694185510
694243724
694304381
694540677
694595503
694677429
694706659
695106499
695317023
695629142
695729387
696057731
696115176
696178606
696320649
696357649
696365327
696629036
696655881
697274985
697293839
697329027
697378774
697417673
697564051
697811106
697828076
697944504
698029575
698144622
698195962
698250902
698449680
698653989
698846285
698858567
699060543
699448802
699550305
699594360
699694874
699733873
699754392
699761822
699772191
699822998
699834255
700344505
700436035
700497260
700532279
700714518
700756849
700842322
700956952
701206766
701256880
701362074
701431581
701487849
701539539
701653244
701695465
701730921
701905769
702179511
702340776
702345677
702390485
702522434
702624319
702898586
703142079
703381402
703441049
703670754
703720452
703737153
703879255
704021148
704052320
704099097
704218264
704341029
704353665
704423823
704509097
704589196
704699210
704781642
704791217
704889630
704935867
704976106
705249950
705589845
705658164
706097896
706149816
706208079
706625189
706922907
706947203
707034821
707152644
707166000
707189919
707454504
707707145
707720425
707765083
707867181
707897795
708000157
708699736
708914762
708976989
708981380
708997156
709348709
709730008
709774536
709787643
709862993
709969425
710232360
710270336
710379711
710617355
710794079
711056610
711106650
711143248
711210459
711225979
711521392
712167101
712191075
712622497
712871714
712927338
713013306
713065974
713146170
713267044
713347154
713388408
713483983
713517116
713551193
713580797
713645538
713686084
713803113
713829022
713847474
713857134
713884741
714006409
714006631
714090735
714360982
714480443
714489258
714734952
714751366
714762165
714902714
714969225
715089107
715120284
715132644
715302879
715557188
715940239
716054771
716127003
716329140
716348494
716437045
716464579
716754534
716823771
716898946
717108040
717244634
717394698
717527915
718183182
718186697
718225278
718305953
718354996
718461591
718767996
718850705
718958812
719033172
719300263
719494376
719659087
719780964
719837297
720062511
720069251
720297539
720458436
720496998
720674983
720743344
720927015
720938082
721041486
721126001
721339486
721511775
721538331
721547007
721548977
721567671
721743584
722104211
722198319
722294530
722600014
722637418
722743646
723381195
723511786
723852664
723885621
724008830
724012596
724132333
724212833
724377974
724488180
724652492
724880372
724902887
724927326
724949239
725150989
725180814
725204382
725419185
725581257
725638427
725670531
725761748
725764324
725852953
726059757
726166662
726331632
726602455
726899951
727052735
727097119
727106011
727195632
727224956
727444258
728178887
728245024
728431450
728650208
728783620
729176274
729420183
729540231
729632416
729853050
730009513
730072873
730077890
730107792
730345541
730488699
730515227
730900234
731062795
731129076
731387466
731589510
731694495
731803545
731860755
731913130
731934465
731984007
732134097
732272611
732361039
732784189
732895102
733066226
733477167
733508594
734249336
734405519
734429413
734436297
734470327
734586101
734686908
734713513
734752069
734837062
735065978
735073018
735079835
735182557
735349794
735384873
735548635
735602553
735741362
735873113
736049404
736098348
736132564
736307506
736428548
736452396
736529304
736568649
736603152
736847667
736889883
737042574
737175169
737290859
737478106
737589521
737746688
737767523
738102167
738153478
738191567
738343684
738494274
738525914
738528420
738606071
738694996
738732831
738848325
738853248
738887316
738893972
738993531
739087621
739112349
739242588
739250674
739422732
739514468
739785475
739983500
740047653
740108722
740118428
740424572
740599918
740639318
740784780
741090027
741110225
741171724
741187712
741299663
741307469
741575340
741671441
741787795
741906231
742365576
742546018
742650286
743032498
743060214
743345995
743346490
743402691
743631794
743751762
743788879
743864720
744276686
745186523
745321626
745593590
745764776
745769022
745850216
745868699
745906313
746030678
746173334
746208840
746261893
746408938
746456225
746513320
746589246
746639664
746684703
746792281
746878413
746911699
746954165
747077708
747171077
747174239
747229147
747487942
747596536
747658536
747724150
747739958
747809382
747930013
747976982
748159867
748183017
748471855
748516406
748593624
748602809
748667455
748745516
749165788
749259711
749308270
749396462
749571666
749881944
749926315
749958897
750064287
750114444
750181385
750637076
750892648
751077459
751107381
751178556
751316433
751706271
751823473
751849795
751951043
752004113
752071835
752340226
752496645
752699387
752874975
752909307
753061448
753109693
753122572
753332533
753374950
753618996
753710747
754017869
754148100
754294676
754336906
754363473
754705270
754749044
754811545
754888781
754956462
755011658
755041274
755042318
755046274
755052272
755128015
755608750
755726220
755847820
755849666
756016923
756158830
756327360
756444278
756499278
756578624
756620468
756640125
756747009
756866717
756917852
757070051
757079542
757294924
757371011
757373945
757524493
757640002
757647879
757697098
757717730
757742882
757849482
757957565
757993034
758141869
758190112
758609676
758670444
759018464
759020564
759090664
759120196
759214492
759331900
759336450
759389154
759684705
759856411
759879423
759930949
760548526
760661858
760702247
760896855
760906773
761122273
761139335
761165848
761355001
761450416
762338642
762366661
762482983
762510129
762628128
762678962
762994416
763133606
763385842
763436369
763666395
763703241
763787042
763805042
763946081
763970212
764023412
764618000
764641899
765072947
765227661
765458848
765481088
765598336
765699930
765770369
765913219
765973931
766050769
766516097
766593442
766680278
766773108
766820652
766888179
766967157
766987508
767099530
767504041
767540651
767696706
767781893
767823645
767844275
768152056
768744918
768988527
769105091
769280219
769372999
769375693
769377995
769808501
769887343
769909812
769931054
769958758
769986710
770322236
770351241
770357293
770361675
770767272
770841542
770928188
771282532
771287505
771349416
771395399
772376812
772476446
772507916
772543072
772593089
772742229
772876536
773065854
773203094
773382151
773389766
773597916
773661817
774308998
774397221
774857722
774861598
774949241
775096684
775163579
775303831
775349546
775489637
775732181
776134460
776280745
776282462
776507297
776584320
776672827
776707115
776795579
776985538
776998905
777398409
777464370
777491111
777588705
777682811
777744915
777803790
778109214
778243828
778294012
778372549
778676540
778824837
779237111
779558662
779559453
779678930
779840855
779849753
780009319
780102887
780234406
780719119
780848934
780887642
780891287
781001034
781052038
781114191
781236392
781284766
781611072
781731809
781751728
782291367
783014400
783164545
783218315
783286800
783290139
783629999
783637414
783641378
783790837
783817458
783950338
784416713
784515171
784695146
784721689
784735031
784804514
784932948
785084627
785087609
785140840
785445360
785452780
785463219
785505772
785533887
785887393
786286062
786872280
786881710
786942781
786955440
787152249
787426461
787540112
787569567
787796221
788169785
788429584
788763614
788920623
788987408
789094260
789310180
789333543
789361887
789404155
789717936
789770801
789872801
789890063
789908074
790047610
790240537
790259498
790364527
790441973
790642378
790760593
790769191
790797272
790885882
790961909
790969680
790998852
791125322
791576026
791577679
791734708
791781629
791944987
791956648
792209209
792435700
792597595
792691805
792789986
792964654
792989278
792989313
793250527
793284620
793435909
793546102
793553414
793578279
793660160
793689156
794009181
794211709
794291014
794408059
794418683
794453422
794598977
794726190
794831528
794930584
794955772
794962595
795138067
795342665
795471979
795551717
795743561
795918796
795944970
796115133
796202060
796511246
796665476
796677697
796786213
796862551
797562137
797729141
797814300
797900544
797942873
798338154
798382373
798500315
798706440
798836653
798899410
798953631
798953847
799319729
799353151
799371728
799532813
799975421
800631819
800969538
801019250
801065337
801115851
801235811
801550263
801633750
801955608
801967418
802001752
802010832
802076851
802264564
802275645
802329738
802415487
802596212
802625117
802625199
802635198
802944199
803334044
803392824
804428309
804473019
804552593
804614063
804663802
804782972
804849361
804874970
804994973
805180814
805319180
805619932
805747750
805833358
805897810
806012004
806075891
806081172
806740254
806764215
806916368
806928137
807020185
807115843
807335591
807439509
807656017
807745663
807788526
807811290
807880505
807946913
807956988
808044132
808108324
808242862
808362765
808492443
808577144
808603920
808747067
808902197
809108751
809228094
809228422
809346886
809744463
809958064
810035343
810054788
810072933
810083004
810111201
810220074
810264222
810462758
810500419
810674089
810815229
810816525
810938481
811021912
811095081
811161883
811267113
811311051
811397215
811461511
811862243
812039372
812058618
812117480
812180986
812487085
812655933
812908573
812965882
813101137
813177814
813299596
813316494
813463947
813532833
813557499
813643843
813725004
813763895
813960621
814149016
814167056
814214867
814519614
814874420
814911712
815011249
815019413
815133727
815250104
815472232
815489144
816013213
816075025
816114394
816235886
816239705
816482318
816598237
816680987
816695961
816745307
817009887
817139757
817224323
817452795
817680753
817741643
817749278
817940119
817951532
818220605
818260391
818388005
818495872
818502966
818526359
818549696
818797614
818829370
818876864
819052917
819055441
819608091
819727448
819767343
819851218
820156054
820312385
820440874
820449981
820461160
820507302
820656557
820703390
820734395
820786195
820888364
821267203
821550097
821678125
821735729
821742788
821822564
822099127
822104921
822504554
822602887
822637829
822883515
823172878
823239867
823287344
823345728
823360056
823364057
823414864
823458017
823463824
823524709
823554992
823566283
823590048
823653560
823977835
824189349
824283596
824288266
824626556
824826661
825377952
825381185
825385077
825669613
825679674
825707764
826560243
826592252
826744416
826761444
826783494
826850086
826964076
827044209
827333887
827360844
827481814
827753790
827829806
827874231
828068011
828101889
828178518
828345374
828444502
828648658
829057556
829195090
829216447
829275460
829382335
829540155
829568141
829668360
829884595
829956385
829971762
830257895
830394519
830437882
830552764
830807472
830815263
830971247
831051835
831068326
831134987
831288447
831323864
831398399
831445984
831640417
831672362
831811686
831819749
831931513
832040948
832046365
832088118
832237539
832293128
832366581
832488893
832497931
832541272
832573594
832582028
832632839
832859337
832873822
832994446
833012173
833077231
833197793
833529444
833591877
833812049
833851910
833934650
833937616
833969226
834042383
834058215
834206956
834239403
834248623
834313245
834655120
834939630
835083878
835110731
835114847
835188141
835332619
835354933
835379455
835426436
835435958
835618052
835634959
835706526
835853643
835947940
836199815
836304216
836402019
836402945
836524708
836872340
836914801
836922288
836924598
837028170
837239520
837323918
837337488
837374075
837404101
837768089
837774136
837909764
838044171
838618242
838759372
838922861
838944397
838978501
838981959
839162382
839173071
839210617
839270726
839378435
839405885
839507224
839577342
839709790
839923705
839946367
839960010
840446980
840478323
840767456
840951449
841029186
841057811
841255124
841447058
841513091
841531726
841826756
842003098
842263168
842391043
842412456
842441764
842512128
842633596
842648239
842816956
842904249
843138479
843287529
843312309
843353829
843487667
843498643
843650979
843689704
843701122
843812889
844040411
844344423
844360941
844648722
844764071
844822105
844883100
844998352
845014063
845017368
845221174
845228148
845231828
845507789
845735192
845909612
846046743
846083453
846111569
846112372
846126208
846176212
846215220
846274013
846348938
846420257
846443643
846506823
846613755
846808503
846825526
847000197
847031988
847254996
847359021
847420623
847432025
847435792
848003575
848260600
848968132
849090696
849146620
849166159
849170079
849461849
849462766
849664099
849911069
849919260
849972593
850011274
850095753
850301055
850356764
850701637
850899403
851086792
851174251
851607523
851773258
852026316
852043602
852056567
852062842
852172818
852226019
852381519
852542994
852559826
852680418
852885135
852889632
852984352
853098366
853142243
853182994
853203797
853206200
853410507
853442971
853556036
853738528
853838098
854044815
854082663
854334471
854465831
854967181
854982815
855128841
855207733
855380367
855802207
855980942
856223131
856832413
856881668
857143009
857225148
857482632
857534429
857550511
857616249
857640368
857756501
857905451
858061100
858175153
858238882
858295591
858368528
858547756
858562882
858725328
858748683
858801936
858855982
859011907
859018499
859068155
859230115
859307520
859558013
859628157
859657440
859862516
859923168
859939227
859941232
859955472
860018444
860098051
860147357
860379417
860402522
860705950
860967899
861038909
861288662
861385411
861550460
861569162
861691181
861740548
861908333
862128356
862465152
862518031
862605995
862637788
862704185
862725709
862816827
862861810
862888684
863356864
863429921
863535837
863554508
863558879
863634497
863672972
863722876
863887152
864248414
864264940
864274641
864379743
864505235
864612648
864648351
864822280
864962302
865039067
865215024
865338544
865668629
865840728
865908775
866080640
866189176
866198001
866223830
866379528
866408276
866430613
866466446
866575952
867059403
867282842
867453619
867453625
867461128
867503643
867755798
868108756
868175198
868662003
868906493
869100099
869141546
869341840
869358147
869381985
869558393
869680712
870011990
870164191
870183525
870276503
870527232
870596292
870615833
870798788
871224579
871314132
871342515
871404069
871431191
871452806
871500641
871528682
871729164
871809941
871841112
871853811
871859748
871880867
871885666
871914858
871966936
872191650
872302047
872649889
872763231
872824609
872872394
873161655
873178963
873232186
873509677
873514976
873719019
873885213
873933295
873940719
874087510
874194615
874240181
874505580
874692878
874810785
874869285
875111911
875309026
875323460
875375469
875434916
875443461
875549507
875568920
875629158
875643865
875704482
875884369
876270567
876506967
876559668
876624774
876715680
876805854
876891264
877024969
877156003
877332227
877477447
877565307
877691926
877712761
877807117
877891863
877994650
878308160
878505320
878517140
878536210
878683330
878842495
878895262
878967035
879004762
879011032
879122645
879183049
879220274
879303951
879304221
879472556
879572838
879605152
879616229
879696219
879788191
879894487
880170837
880416904
880516350
880550153
880571093
880684279
880999837
881055456
881080157
881219604
881222089
881261888
881312955
881337116
881469724
881653490
881797094
881862368
882055806
882074997
882128390
882138620
882367858
882437507
882477815
882478811
882916072
883097679
883410508
883465325
883536724
883624356
883662901
884005351
884149434
884229566
884278157
884483839
884823056
884849132
884967158
885055393
885090279
885269827
885540326
885569972
885607502
885626675
885685155
885861205
886094985
886209074
886436341
886438982
886536590
886540648
886684767
886847608
886867007
886946288
887109165
887465361
887809092
887883179
888055427
888068771
888380351
888616709
888881882
888886447
888892181
888978834
888989640
889096504
889142462
889196556
889665693
889772795
889883618
889933004
889946804
889983195
890017733
890054354
890078050
890155955
890217641
890368279
890446648
890623192
890928770
891193993
891282734
891343563
891411497
891498984
891694769
891744157
891856686
892279926
892412155
892472669
892793878
893124629
893127214
893217351
893289921
893514671
893547577
893815655
893850592
893900954
893992728
894028349
894128605
894129192
894163170
894174445
894626192
895041655
895111673
895508856
895510371
895615482
895665964
895881073
895933103
896218984
896291262
896417938
896709264
896823354
896969993
897266928
897282307
897350430
897716635
897870275
897903420
898726140
898726689
898737534
898761694
898824430
898834502
898852409
898962584
898965426
899036527
899218466
899284309
899313941
899580904
899745368
899864388
899917663
900062309
900146380
900193570
900253381
900274167
900328294
900335180
900692777
900716451
900809594
900883271
900935448
900981702
901196100
901198089
901284679
901333921
901388067
901693300
901720635
901768649
901769110
901820520
902027790
902550105
902809189
902814692
903022638
903147056
903401981
903657688
903728185
903948203
904040042
904383268
904483371
904543616
904593271
904683718
904692490
904731428
904800168
904877110
904879506
905010205
905181542
905454981
905657040
905738456
905938458
906117688
906176038
906274264
906303683
906417676
906501454
906682043
906876664
906948009
907312407
907442891
907565105
907644677
907698307
907792417
907953978
908214990
908254318
908676544
908769511
908847345
908866915
908900219
909133756
909155713
909293694
909383760
909485374
909543158
909575428
909597135
909929643
910250757
910441435
910865521
910896928
910980446
910986574
911069131
911199815
911215608
911234146
911323917
911613601
911636744
911702097
911707279
911707311
911713113
911722575
911937269
912010625
912040791
912127566
912169436
912240028
912282271
912285481
912569254
912677898
912751077
912970626
913105915
913134754
913139484
913289094
913356893
913369059
913468163
913482147
913488125
913686480
913716390
913920816
913962680
914287291
914341222
914399100
914407197
914475504
914542173
914587037
914639188
914675249
914802074
914855312
914945264
914955391
915248131
915378137
915691276
915966232
916045593
916207326
916231384
916398499
916566503
916793276
916825337
917044187
917158836
917302099
917428664
917546387
917679331
917963625
918045646
918116618
918164304
918440320
918487549
918566883
918705416
918726800
918995644
919038831
919210953
919231476
919362970
919396040
919638234
919836376
919910796
919987792
920002680
920214191
920306975
920514680
920633348
920646206
920661540
920741747
920812462
920925914
921285852
921588877
921910150
921962657
922017702
922143784
922311470
922427661
922489000
922634268
922648941
922733723
922799061
922884318
923010519
923102274
923212919
923261300
923335301
923377203
923411706
923488350
923503673
923662965
923825439
923907385
923960714
923977394
924074490
924100116
924114557
924161716
924411465
924769865
925107405
925155443
925185855
925335867
925343185
925389643
925666511
925729603
926154279
926664730
926735901
926806919
926810910
926889152
926963045
927063724
927192398
927204651
927508503
927926056
927928283
927986046
928018759
928173612
928299664
928536638
928581657
928747847
928940625
929012537
929059558
929099475
929108835
929165611
929319509
929448037
929615505
929620589
929658961
929706819
929833304
929856792
929869880
930031019
930050235
930118723
930121903
930139500
930331030
930406577
930433345
930577736
930744768
930755542
930768726
930895577
931073593
931275529
931294750
931446298
931501325
931689358
931702764
931856974
932167613
932215933
932447323
932488625
932529563
932551038
932572213
932693374
932751154
932899026
933012625
933201913
933461377
933805974
933923767
934010610
934319049
934477802
934504082
934684099
934706600
934806153
934884104
935359295
935361379
935366268
935373710
935377091
935385062
935639407
935755039
936096691
936194017
936270679
936305728
936327661
936348966
936357597
936468993
936582057
936608974
936721455
936732844
936737093
936963310
937154608
937185772
937197893
937243043
937337234
937500120
937696132
937708128
937723904
937764715
937871408
938237787
938238316
938424078
938434116
938441471
938530729
938617482
938662090
938856906
938896473
939088303
939164084
939310811
939344743
939357194
939402661
939629698
939722226
939880953
939886703
939995609
940331868
940497911
940498346
940679003
941014671
941020663
941121145
941376933
941456343
941545349
941636903
941644825
941805893
941966347
942143820
942261461
942426112
942514049
942673214
942748554
942968057
942968614
942971744
942986513
943326914
943412157
943420928
943525273
943719128
943723712
943764134
943771733
943818054
943820160
943966578
943992033
944023293
944309070
944311999
944337408
944356518
944656914
944866722
944966391
945095143
945117400
945287305
945395488
945477886
945489137
945814128
945896769
946087778
946233360
946253425
946274061
946349591
946407108
946544262
946844801
946934474
947048223
947057174
947087774
947177038
947258131
947479930
947789281
947898012
947914909
948170161
948358755
948378346
948572502
949273636
949300357
949368426
949431646
949670979
949722757
949746332
949847246
949848932
949933615
950156503
950477278
950649365
950739098
951080541
951096426
951233979
951238277
951297110
951605470
951632127
951682002
951783544
952009618
952219911
952246493
952494660
952542230
952582103
952628576
952710141
952846626
953145004
953364594
953416597
953421212
953922306
954078094
954698239
954698888
954720815
954723563
954917406
954969227
955270132
955284246
955338726
955513548
955532570
955585073
956018374
956018396
956325349
956453317
956790014
956821642
956878542
956957564
956963312
957093863
957151935
957304854
957328180
957338952
957429892
957505455
957517198
957627461
957772587
958130793
958263051
958343989
958356050
958357637
958547595
958550940
958595163
958647298
958746798
958860186
958985463
959182178
959194031
959461233
959510075
959540279
959595981
959694358
959787760
959868844
959914051
959962027
960205780
960273443
960306159
960519897
960550197
960560868
960665462
960736866
961006398
961130350
961379725
961546849
961629358
961774698
961855639
961911282
961955341
962023297
962180945
962199278
962216957
962277187
962281504
962320874
962341757
962376037
962422691
962545732
962807245
963017989
963082543
963310585
963409900
963514339
963702885
963848872
964039414
964215091
964506957
964667870
965036126
965210103
965301638
965454822
965477319
965877329
965894383
966064387
966067426
966444473
966542971
966699306
966747310
966747478
967124111
967188093
967347810
967641348
967731289
967814105
967836389
967953950
968040213
968176915
968213268
968290507
968371882
968667616
968702272
969139594
969149678
969219908
969239588
969391556
969411044
969431018
969434551
969544839
969638114
969668058
969758652
969767371
969863813
969915680
969927598
970021440
970116483
970239898
970244350
970262194
970281382
970299767
970418014
970444726
970649393
970974232
971099397
971202932
971251383
971446086
971540002
971601031
971755175
971776094
971960325
972006887
972084801
972142252
972618660
972795986
972844206
972844856
973132273
973220419
973279354
973392902
973479833
973541298
973830503
973868344
974048768
974216052
974270211
974322678
974350346
974379586
974440827
974754915
974818872
975241606
975361254
975395676
975427207
975709159
975823419
975874868
975988036
976036328
976087235
976119356
976274579
976384468
976717094
976809939
976912966
977130030
977145056
977251474
977259936
977444065
977551908
977744610
977937438
977975734
978376505
978538948
978561331
978606297
978665280
978695887
978748238
978786531
978809357
978893795
978951535
979151336
979265803
979343471
979381800
979456072
979510428
979695698
979908677
979957300
980223275
980405819
980505073
980536690
980686223
980746624
980789273
980826916
980864168
980874822
981065548
981570055
981575881
981705681
981765679
982050662
982080415
982210031
982276970
983230246
983422902
983438353
983466140
983576105
983840398
984097052
984112673
984190052
984325250
984377016
984662776
984681766
984796972
984900591
985025712
985339386
985471007
985700573
985755928
985816795
985827608
985886015
986110836
986136066
986281732
986478372
986480110
986560489
986618748
986919557
986974638
987030092
987165666
987287178
987417342
987530807
987815342
987833134
988033370
988070866
988150162
988234491
988268138
988281148
988336075
988340890
988476765
988666733
988719230
988790553
988965304
989260110
989287882
989422654
989492396
989565576
989574522
989985406
990327656
990332135
990460923
990524379
990530471
990684596
990937397
991022005
991202081
991359761
991472063
991506705
991568043
991757385
991812328
991906971
991971785
992022833
992078585
992242195
992245228
992955450
992982093
993267234
993406946
993681392
993739700
993802748
993870344
993985544
994070526
994144578
994430031
994553900
994589111
994716724
994807340
994896309
995659820
995737711
995953197
996123280
996298226
996359297
996456531
996584643
996709471
996721560
996755595
996918563
997276461
997344134
997412561
997595203
997699271
997851993
997859971
997964109
998082579
998169964
998207151
998277413
998517192
998633211
998681016
998688354
998697771
998720060
998726309
998751483
998795809
998910499
998972137
999069178
999141944
999213121
999294358
999610748
999854014